0.998715 0.050574 0.00118136 0.00301698 6.99996 5.01257 5.0314 
0.998722 0.0502136 0.00178839 0.00539514 6.99983 5.02514 5.06276 
0.998683 0.0505955 0.00272055 0.00810156 6.99963 5.0377 5.09404 
0.998655 0.0505379 0.00211185 0.0114055 6.99934 5.05027 5.1252 
0.998563 0.0512298 0.00321296 0.0154215 6.99896 5.06284 5.15623 
0.998496 0.0513872 0.00317688 0.0188155 6.99851 5.07542 5.18708 
0.998412 0.0517466 0.00421436 0.0218548 6.99799 5.08798 5.21775 
0.998347 0.0515839 0.00390476 0.0250446 6.99739 5.10054 5.24819 
0.998307 0.0509413 0.00446415 0.0277107 6.99672 5.1131 5.27838 
0.998245 0.0507293 0.00577941 0.0299968 6.99598 5.12565 5.30829 
0.998152 0.0507561 0.00664045 0.0327559 6.99515 5.13819 5.33787 
0.99805 0.0508626 0.00758332 0.0353843 6.99425 5.15073 5.36711 
0.997924 0.0506773 0.00877532 0.0387692 6.99327 5.16327 5.39597 
0.997787 0.0508594 0.00950808 0.0417518 6.99221 5.17581 5.42443 
0.997636 0.0507755 0.0109465 0.0449853 6.99108 5.18834 5.45246 
0.997528 0.0502121 0.0112782 0.0478429 6.98986 5.20087 5.48002 
0.997425 0.0491045 0.011723 0.0509414 6.98856 5.21339 5.50708 
0.997218 0.0495645 0.0124694 0.0542661 6.98719 5.2259 5.53364 
0.997119 0.0488139 0.0127978 0.0566281 6.98574 5.2384 5.55965 
0.996896 0.0491097 0.013985 0.0599284 6.98421 5.25089 5.5851 
0.996664 0.0493401 0.0154141 0.0631573 6.9826 5.26336 5.60997 
0.996426 0.0493722 0.0157397 0.0667025 6.98091 5.27582 5.63423 
0.996257 0.0486105 0.0168845 0.0694523 6.97914 5.28828 5.65786 
0.996008 0.0484883 0.017135 0.0729548 6.97729 5.30072 5.68082 
0.995658 0.0475929 0.0181299 0.0779216 6.97537 5.31316 5.7031 
0.995427 0.046848 0.0193568 0.080963 6.97336 5.32557 5.72466 
0.995107 0.0475475 0.0214592 0.0839035 6.97128 5.33798 5.74549 
0.994808 0.0464955 0.0221027 0.0877906 6.96913 5.35038 5.76559 
0.994584 0.0454389 0.0231638 0.0905584 6.96689 5.36275 5.7849 
0.994287 0.0452156 0.0234975 0.0937872 6.96456 5.3751 5.80343 
0.993996 0.0445805 0.0237221 0.0970652 6.96215 5.38742 5.82116 
0.993754 0.0436296 0.0254559 0.0995086 6.95965 5.39973 5.83805 
0.993456 0.0436773 0.0266789 0.102109 6.95706 5.41202 5.85411 
0.993093 0.0443379 0.0283162 0.104873 6.95439 5.42429 5.8693 
0.992634 0.0453374 0.0291369 0.108507 6.95165 5.43654 5.88363 
0.99224 0.045629 0.0304943 0.11157 6.94882 5.44877 5.89707 
0.991997 0.0445458 0.030834 0.114045 6.94591 5.46099 5.90962 
0.991613 0.0449903 0.0307797 0.117185 6.94291 5.47319 5.92125 
0.991176 0.045275 0.031645 0.120492 6.93983 5.48535 5.93195 
0.990875 0.0451269 0.0326962 0.122721 6.93667 5.4975 5.94172 
0.99052 0.0442129 0.0331077 0.125772 6.93342 5.50963 5.95055 
0.990103 0.0435062 0.0327662 0.129343 6.93009 5.52173 5.95842 
0.989829 0.0425448 0.0332776 0.131612 6.92668 5.53379 5.96534 
0.989247 0.0422985 0.0339484 0.135823 6.92318 5.54583 5.97129 
0.988822 0.042253 0.034118 0.13886 6.9196 5.55784 5.97628 
0.988337 0.0416069 0.0342815 0.142423 6.91593 5.56982 5.98027 
0.987945 0.0415247 0.0352659 0.144902 6.91217 5.58178 5.98328 
0.987499 0.0411646 0.0366022 0.147685 6.90833 5.59371 5.98531 
0.986976 0.0419506 0.0368775 0.150859 6.90441 5.60561 5.98635 
0.986501 0.0415242 0.0374269 0.153916 6.90041 5.61748 5.9864 
0.985964 0.0403846 0.0385297 0.157355 6.89632 5.62933 5.98547 
0.985346 0.0402519 0.0394162 0.160996 6.89216 5.64114 5.98357 
0.984714 0.0397799 0.0401285 0.164761 6.88791 5.65292 5.98068 
0.984363 0.0392911 0.0402549 0.166927 6.88357 5.66468 5.97681 
0.983987 0.0391776 0.0404779 0.169101 6.87914 5.6764 5.97197 
0.983326 0.0396713 0.0405712 0.172773 6.87464 5.68809 5.96615 
0.982629 0.038895 0.0422349 0.176478 6.87007 5.69975 5.95937 
0.982099 0.0387694 0.0419085 0.179508 6.86543 5.71138 5.95164 
0.981726 0.0390047 0.0429925 0.181229 6.86071 5.72298 5.94296 
0.981124 0.0390129 0.0441622 0.184182 6.8559 5.73454 5.93333 
0.980701 0.0383839 0.0447289 0.186419 6.85101 5.74608 5.92276 
0.979931 0.0372048 0.0451322 0.190564 6.84603 5.75759 5.91127 
0.979414 0.0372077 0.0449725 0.193238 6.84097 5.76905 5.89887 
0.978679 0.037516 0.0454891 0.196752 6.83583 5.78049 5.88558 
0.97808 0.0376913 0.0462896 0.199487 6.83062 5.79188 5.87141 
0.977402 0.0371852 0.0475444 0.202587 6.82533 5.80323 5.85638 
0.976763 0.0366185 0.0463491 0.206023 6.81997 5.81455 5.84049 
0.976121 0.0361889 0.0462721 0.209136 6.81454 5.82583 5.82377 
0.975177 0.0360501 0.0476656 0.213211 6.80902 5.83707 5.80623 
0.974632 0.0356976 0.0477046 0.215738 6.80344 5.84827 5.78789 
0.973888 0.0352551 0.0485546 0.218956 6.79777 5.85944 5.76877 
0.973093 0.0347039 0.0499387 0.222244 6.79202 5.87057 5.74887 
0.972444 0.0343995 0.0495809 0.225192 6.78619 5.88167 5.72823 
0.971718 0.0338271 0.0496215 0.228379 6.7803 5.89272 5.70686 
0.97088 0.0337547 0.0507954 0.231673 6.77433 5.90373 5.68478 
0.970184 0.0330353 0.0516972 0.234478 6.7683 5.91471 5.66202 
0.969436 0.032468 0.0524249 0.23747 6.76219 5.92565 5.6386 
0.968757 0.0323329 0.0539311 0.23991 6.756 5.93655 5.61455 
0.967584 0.0319148 0.054776 0.244464 6.74974 5.94741 5.58988 
0.966946 0.0314355 0.0546908 0.247054 6.7434 5.95822 5.56461 
0.966212 0.0314984 0.0557364 0.249673 6.737 5.96899 5.53877 
0.965349 0.0304247 0.056198 0.253017 6.73052 5.97972 5.51239 
0.964599 0.0303187 0.0561392 0.255887 6.72397 5.99042 5.4855 
0.96396 0.029817 0.0573657 0.258071 6.71734 6.00105 5.45812 
0.96315 0.0294119 0.0571639 0.261171 6.71065 6.01165 5.43026 
0.962276 0.0293755 0.0579817 0.264195 6.70388 6.0222 5.40198 
0.961252 0.029542 0.0595467 0.267537 6.69706 6.03272 5.37328 
0.960527 0.0300895 0.0597449 0.270025 6.69016 6.04319 5.3442 
0.959587 0.0301246 0.0597277 0.273345 6.68319 6.05362 5.3148 
0.958613 0.029289 0.0605831 0.276647 6.67615 6.064 5.28507 
0.957522 0.0298141 0.0615357 0.280137 6.66905 6.07434 5.25505 
0.956571 0.0294421 0.0628878 0.283108 6.66188 6.08464 5.22478 
0.955727 0.0287595 0.0633381 0.285914 6.65463 6.0949 5.19427 
0.954947 0.0284808 0.0635482 0.288492 6.6473 6.10513 5.16357 
0.953973 0.0289522 0.0641668 0.291515 6.63992 6.11532 5.13269 
0.953103 0.0287767 0.0647898 0.294226 6.63248 6.12548 5.10168 
0.952303 0.0286933 0.0649509 0.296779 6.62498 6.13559 5.07056 
0.951411 0.0277746 0.0653372 0.299627 6.61742 6.14566 5.03936 
0.950626 0.0271809 0.065387 0.302151 6.60979 6.15568 5.00812 
0.949928 0.0268285 0.0651931 0.304414 6.60209 6.16566 4.97687 
0.948731 0.0264755 0.065374 0.308114 6.59433 6.17559 4.94564 
0.947743 0.0261949 0.0659598 0.311039 6.58651 6.18546 4.91445 
0.9467 0.026496 0.0670908 0.313937 6.57863 6.1953 4.88334 
0.945688 0.0255331 0.0670288 0.317064 6.57068 6.20509 4.85234 
0.944931 0.0247535 0.0675665 0.31926 6.56267 6.21481 4.82147 
0.943733 0.0242459 0.0676025 0.322816 6.5546 6.22449 4.79078 
0.942996 0.0244932 0.0686907 0.324715 6.54647 6.23412 4.76029 
0.941753 0.0246023 0.0690751 0.328213 6.53829 6.24369 4.73003 
0.94075 0.0239594 0.0694572 0.331045 6.53005 6.25322 4.70003 
0.939418 0.0242058 0.0696732 0.334743 6.52176 6.26269 4.67033 
0.938506 0.0239354 0.0707364 0.337092 6.51341 6.2721 4.64095 
0.937517 0.0231053 0.0717206 0.339682 6.50502 6.28147 4.61192 
0.936043 0.0226879 0.0721136 0.343669 6.49658 6.2908 4.58326 
0.935087 0.022573 0.0723819 0.346214 6.48808 6.30007 4.555 
0.93393 0.0228318 0.0727567 0.349227 6.47954 6.30928 4.52716 
0.93261 0.0227656 0.0739291 0.352498 6.47094 6.31844 4.49976 
0.931504 0.0221197 0.0733419 0.355574 6.4623 6.32753 4.47285 
0.930339 0.0214085 0.0737736 0.358565 6.45361 6.33657 4.44645 
0.929327 0.0201141 0.0734908 0.361312 6.44488 6.34555 4.4206 
0.927835 0.0198308 0.0734103 0.365157 6.43609 6.35446 4.39531 
0.926526 0.0187283 0.0748975 0.368226 6.42726 6.36332 4.37062 
0.925374 0.0197096 0.0761398 0.370806 6.41838 6.37212 4.34655 
0.924249 0.0196004 0.0755455 0.373727 6.40945 6.38085 4.32313 
0.923364 0.0193345 0.0764104 0.375749 6.40048 6.38953 4.30036 
0.922255 0.018827 0.076641 0.378441 6.39148 6.39815 4.27829 
0.921019 0.0181618 0.0766724 0.381465 6.38243 6.40671 4.25694 
0.920247 0.0182382 0.0767269 0.38331 6.37334 6.41523 4.23632 
0.918851 0.0177294 0.0764503 0.386723 6.36421 6.42369 4.21646 
0.918063 0.0178767 0.0770497 0.388465 6.35504 6.43209 4.19737 
0.91716 0.0173631 0.0770575 0.390612 6.34582 6.44044 4.17909 
0.91571 0.0177144 0.077657 0.393865 6.33656 6.44873 4.16163 
0.914508 0.0173521 0.0780696 0.396584 6.32728 6.45695 4.145 
0.913011 0.0158964 0.0777646 0.400138 6.31795 6.4651 4.12921 
0.911784 0.015625 0.0780767 0.402877 6.30859 6.47318 4.11428 
0.910589 0.0159564 0.0776612 0.405638 6.29918 6.48118 4.10022 
0.909235 0.0161179 0.0779151 0.408608 6.28973 6.48912 4.08705 
0.908089 0.0163221 0.0775223 0.411216 6.28024 6.49699 4.07479 
0.906759 0.0156457 0.078074 0.414063 6.27072 6.50479 4.06343 
0.905544 0.0146675 0.0773821 0.416878 6.26115 6.51252 4.05299 
0.904315 0.0138219 0.077607 0.419525 6.25154 6.52017 4.04351 
0.902926 0.0128761 0.077322 0.422588 6.24191 6.52773 4.03497 
0.901526 0.012274 0.0776126 0.42553 6.23223 6.53523 4.02738 
0.899954 0.0110401 0.0778207 0.428842 6.22251 6.54266 4.02075 
0.898453 0.010902 0.0786194 0.431837 6.21275 6.55002 4.01508 
0.897464 0.0102095 0.0789177 0.43385 6.20296 6.55731 4.01039 
0.896227 0.00959923 0.0786193 0.436469 6.19314 6.56452 4.00667 
0.894516 0.00953604 0.0789147 0.439912 6.18328 6.57166 4.00392 
0.892786 0.00860396 0.0796161 0.443307 6.17338 6.57874 4.00215 
0.891378 0.0074462 0.0804344 0.446005 6.16345 6.58573 4.00136 
0.889942 0.00697199 0.0810192 0.448765 6.15348 6.59265 4.00156 
0.888591 0.00582393 0.0809838 0.451458 6.14348 6.59949 4.00275 
0.887213 0.00564918 0.0809055 0.454176 6.13344 6.60627 4.00492 
0.88532 0.00532533 0.0821103 0.457645 6.12337 6.61297 4.00807 
0.883829 0.00488472 0.0831717 0.460332 6.11327 6.6196 4.01221 
0.88232 0.00421987 0.0832878 0.463202 6.10313 6.62617 4.01733 
0.881249 0.00428381 0.0834673 0.465205 6.09298 6.63266 4.02343 
0.880374 0.00350958 0.0837521 0.466813 6.0828 6.63908 4.03049 
0.878763 0.00309939 0.0831038 0.469957 6.07259 6.64541 4.0385 
0.877068 0.00150915 0.0834427 0.473061 6.06236 6.65167 4.04745 
0.875676 0.000893035 0.0841295 0.475513 6.05209 6.65784 4.05733 
0.874243 0.000494376 0.0839921 0.478168 6.0418 6.66394 4.06815 
0.87304 -0.000340395 0.0840236 0.480356 6.03147 6.66997 4.07989 
0.871719 -0.00178741 0.0840056 0.482748 6.02113 6.67592 4.09253 
0.87035 -0.00332838 0.0843407 0.485145 6.01075 6.6818 4.10607 
0.86827 -0.00315981 0.0850053 0.488744 6.00036 6.68761 4.1205 
0.866269 -0.00350915 0.0849936 0.492283 5.98993 6.69335 4.13579 
0.864543 -0.00470659 0.0859011 0.495141 5.97947 6.69903 4.15194 
0.862913 -0.00492946 0.0860819 0.497942 5.96899 6.70462 4.16893 
0.861614 -0.00604578 0.0864922 0.500104 5.95849 6.71015 4.18676 
0.859962 -0.00642477 0.0864099 0.502949 5.94796 6.71561 4.20539 
0.858181 -0.00661864 0.0869524 0.505885 5.93741 6.721 4.22482 
0.856649 -0.00759694 0.0869987 0.508455 5.92683 6.72633 4.24501 
0.855123 -0.00835046 0.0870843 0.51099 5.91623 6.73158 4.26596 
0.853586 -0.0087083 0.0880548 0.513382 5.90561 6.73675 4.28765 
0.8522 -0.00954772 0.0872857 0.515796 5.89497 6.74185 4.31004 
0.850338 -0.0105815 0.0867768 0.518926 5.8843 6.74688 4.33311 
0.848254 -0.0124687 0.0870293 0.522241 5.8736 6.75183 4.35684 
0.847004 -0.0127323 0.0871588 0.524238 5.86288 6.75672 4.38121 
0.84497 -0.0132249 0.0875923 0.527426 5.85214 6.76153 4.40621 
0.842879 -0.0138678 0.0877065 0.530727 5.84137 6.76628 4.4318 
0.840952 -0.0130577 0.0877413 0.533789 5.83058 6.77096 4.45797 
0.839076 -0.0138358 0.0879216 0.536684 5.81978 6.77558 4.48468 
0.837314 -0.0150126 0.086986 0.539549 5.80894 6.78013 4.51192 
0.836202 -0.015836 0.086719 0.54129 5.79808 6.78461 4.53964 
0.834133 -0.0171651 0.0863147 0.544497 5.78718 6.78902 4.56783 
0.832726 -0.0177415 0.0865026 0.546598 5.77626 6.79335 4.59645 
0.830615 -0.0180091 0.0875575 0.549625 5.76532 6.7976 4.62547 
0.828618 -0.0188858 0.0870822 0.552677 5.75435 6.80179 4.65487 
0.826782 -0.0187509 0.0878272 0.555308 5.74336 6.8059 4.68463 
0.825309 -0.019884 0.0875646 0.557496 5.73235 6.80995 4.71471 
0.82338 -0.02044 0.0879944 0.560253 5.72131 6.81391 4.7451 
0.821313 -0.0215371 0.0879566 0.563245 5.71025 6.81781 4.77574 
0.819367 -0.0225267 0.0878342 0.566053 5.69915 6.82164 4.8066 
0.817554 -0.0235745 0.0879922 0.568601 5.68802 6.82539 4.83766 
0.815351 -0.0239632 0.0878736 0.571758 5.67686 6.82905 4.86889 
0.813119 -0.0250606 0.0879325 0.574871 5.66567 6.83265 4.90027 
0.811068 -0.0260224 0.0880948 0.577694 5.65447 6.83616 4.93177 
0.809083 -0.0265665 0.0875361 0.580532 5.64324 6.83959 4.96334 
0.807231 -0.0271179 0.0869909 0.583159 5.63198 6.84296 4.99495 
0.805319 -0.028639 0.0875614 0.585639 5.6207 6.84624 5.02658 
0.803441 -0.0287956 0.0879997 0.58814 5.60939 6.84945 5.05821 
0.801096 -0.0291141 0.0881426 0.591294 5.59805 6.85258 5.08979 
0.799603 -0.0294507 0.0872918 0.59342 5.5867 6.85562 5.12129 
0.798069 -0.030758 0.0872039 0.595429 5.57532 6.8586 5.15268 
0.795508 -0.0305348 0.0871414 0.598866 5.56392 6.86149 5.18394 
0.793471 -0.0312777 0.0878546 0.60142 5.55248 6.86432 5.21503 
0.791582 -0.0317251 0.0882009 0.603831 5.54102 6.86707 5.24592 
0.789808 -0.0317919 0.0862641 0.606424 5.52955 6.86974 5.27658 
0.787733 -0.0323421 0.0860956 0.609113 5.51806 6.87233 5.30697 
0.786101 -0.0323029 0.0859186 0.611245 5.50654 6.87484 5.33709 
0.784529 -0.032512 0.0853887 0.613324 5.49499 6.87727 5.36689 
0.782607 -0.0326392 0.0847737 0.615853 5.48342 6.87962 5.39634 
0.780772 -0.0326761 0.0849048 0.618158 5.47183 6.8819 5.42542 
0.779054 -0.0337677 0.0858262 0.620136 5.4602 6.88411 5.45409 
0.777743 -0.0339576 0.0850467 0.621876 5.44856 6.88624 5.48233 
0.775707 -0.034271 0.0844949 0.624472 5.4369 6.88832 5.51011 
0.773754 -0.0347245 0.0839895 0.626932 5.42522 6.89032 5.5374 
0.771849 -0.0344964 0.0833336 0.629376 5.41351 6.89225 5.56417 
0.770098 -0.0347049 0.0827156 0.631587 5.40178 6.8941 5.59039 
0.768048 -0.0352697 0.0822253 0.634112 5.39002 6.89589 5.61604 
0.765364 -0.0357502 0.082059 0.637343 5.37826 6.89761 5.64109 
0.763424 -0.0364817 0.0819136 0.639643 5.36648 6.89924 5.66552 
0.761208 -0.0366986 0.0810168 0.64238 5.35468 6.90081 5.6893 
0.759525 -0.0379984 0.0812977 0.644258 5.34287 6.90232 5.71241 
0.7568 -0.0396238 0.0814496 0.647341 5.33104 6.90374 5.73484 
0.755262 -0.0401422 0.0813961 0.649109 5.31921 6.9051 5.75655 
0.753324 -0.0411304 0.0817569 0.65125 5.30735 6.90639 5.77754 
0.750976 -0.0409528 0.0810242 0.654058 5.29548 6.90761 5.79778 
0.749421 -0.0419487 0.08023 0.655875 5.2836 6.90875 5.81725 
0.746986 -0.0429365 0.0800038 0.65861 5.27171 6.9098 5.83592 
0.745316 -0.0433478 0.0803074 0.660436 5.2598 6.91077 5.85379 
0.743487 -0.0436827 0.0800228 0.662507 5.24788 6.91168 5.87082 
0.74091 -0.0439121 0.0800562 0.665369 5.23595 6.91251 5.887 
0.739022 -0.0438169 0.0796706 0.667517 5.224 6.91327 5.90232 
0.736944 -0.0439834 0.0789205 0.669889 5.21203 6.91395 5.91677 
0.735152 -0.0443425 0.0783626 0.671896 5.20006 6.91456 5.93032 
0.733023 -0.0452644 0.0781782 0.674179 5.18808 6.91511 5.94297 
0.731175 -0.0454456 0.0782751 0.676158 5.17609 6.91558 5.9547 
0.728836 -0.0462226 0.0766225 0.678816 5.16409 6.91599 5.9655 
0.726674 -0.0472557 0.0774454 0.680965 5.1521 6.91632 5.97537 
0.724169 -0.0489635 0.0773202 0.683523 5.14009 6.91657 5.98429 
0.722118 -0.0490203 0.0776415 0.685649 5.12808 6.91674 5.99227 
0.720127 -0.0497912 0.0771667 0.687738 5.11607 6.91685 5.99928 
0.718378 -0.050763 0.0764598 0.689573 5.10404 6.91689 6.00533 
0.716631 -0.0514326 0.0757337 0.691418 5.09201 6.91686 6.0104 
0.715075 -0.0521089 0.0752453 0.69303 5.07999 6.91675 6.0145 
0.71286 -0.0520261 0.0748907 0.695353 5.06797 6.91656 6.01762 
0.710637 -0.0526316 0.074513 0.69762 5.05596 6.91631 6.01976 
0.708337 -0.0535605 0.074405 0.699895 5.04394 6.91598 6.02091 
0.706149 -0.0549208 0.0742327 0.702016 5.03192 6.91558 6.02107 
0.704075 -0.0562244 0.07487 0.703926 5.01989 6.91511 6.02025 
0.702071 -0.0574059 0.0751931 0.705795 5.00787 6.91455 6.01844 
0.699167 -0.0580404 0.0747347 0.708669 4.99585 6.91392 6.01565 
0.696535 -0.0586771 0.0736781 0.711314 4.98383 6.9132 6.01188 
0.694576 -0.0583015 0.0736609 0.71326 4.97181 6.9124 6.00714 
0.692458 -0.0588709 0.072719 0.715366 4.9598 6.91153 6.00143 
0.690334 -0.059526 0.0731835 0.717314 4.94779 6.91058 5.99477 
0.688021 -0.0609242 0.0726233 0.719473 4.93581 6.90955 5.98715 
0.685437 -0.0618953 0.0725427 0.721861 4.92384 6.90844 5.97859 
0.682851 -0.0615303 0.0716111 0.724431 4.91188 6.90726 5.9691 
0.680721 -0.061483 0.0700809 0.726586 4.89993 6.906 5.95866 
0.67841 -0.0622757 0.0699161 0.728693 4.88797 6.90466 5.9473 
0.675345 -0.0625902 0.0698246 0.731516 4.87603 6.90326 5.93503 
0.673683 -0.0628679 0.0702244 0.732985 4.86409 6.90177 5.92186 
0.671284 -0.0637479 0.0697229 0.735155 4.85217 6.9002 5.90778 
0.669471 -0.0641434 0.0693952 0.736803 4.84025 6.89855 5.89283 
0.667148 -0.0636628 0.0689865 0.738987 4.82834 6.89683 5.87701 
0.66493 -0.0646385 0.0692447 0.740875 4.81644 6.89504 5.86035 
0.661894 -0.0646858 0.0693402 0.743575 4.80456 6.89317 5.84287 
0.660333 -0.0657216 0.0694701 0.744859 4.79268 6.89123 5.82457 
0.657857 -0.0666378 0.0698334 0.746932 4.7808 6.8892 5.80549 
0.656042 -0.0674786 0.069562 0.748476 4.76895 6.8871 5.78564 
0.653996 -0.0669665 0.0702822 0.750243 4.7571 6.88492 5.76504 
0.651396 -0.0681141 0.0703709 0.75239 4.74527 6.88265 5.74371 
0.649484 -0.0690915 0.06974 0.754011 4.73344 6.88031 5.72166 
0.646919 -0.0686564 0.0701815 0.756212 4.72162 6.8779 5.69893 
0.644055 -0.0679691 0.0687964 0.758842 4.70981 6.87541 5.67553 
0.641768 -0.0681865 0.0682566 0.760806 4.698 6.87285 5.65147 
0.639291 -0.0678161 0.067622 0.762978 4.68621 6.87022 5.6268 
0.63635 -0.0682994 0.0670062 0.765444 4.67444 6.8675 5.60154 
0.634185 -0.0687799 0.0661275 0.767271 4.66268 6.86471 5.57572 
0.632082 -0.0682088 0.0657646 0.769087 4.65093 6.86184 5.54934 
0.630288 -0.068093 0.0652154 0.770615 4.63919 6.85889 5.52245 
0.627757 -0.0684622 0.0645952 0.772697 4.62746 6.85587 5.49508 
0.624981 -0.068991 0.0637682 0.774966 4.61575 6.85279 5.46724 
0.622643 -0.0695386 0.0637423 0.776799 4.60404 6.84963 5.43896 
0.620452 -0.0705267 0.0627261 0.778544 4.59236 6.84639 5.41027 
0.618069 -0.0710722 0.0623066 0.780421 4.58069 6.84309 5.3812 
0.615609 -0.0719839 0.0623141 0.782279 4.56905 6.8397 5.35178 
0.612891 -0.0717491 0.0627497 0.784398 4.55742 6.83624 5.32204 
0.610444 -0.0716019 0.0629467 0.786301 4.5458 6.8327 5.292 
0.607129 -0.0723074 0.0633913 0.788763 4.5342 6.82909 5.26172 
0.60422 -0.0716314 0.0631129 0.791078 4.52263 6.8254 5.23121 
0.601293 -0.0723553 0.0619618 0.79333 4.51107 6.82163 5.2005 
0.598293 -0.0732129 0.060384 0.795637 4.49952 6.81777 5.16962 
0.596087 -0.0736383 0.059867 0.797291 4.488 6.81384 5.13861 
0.593151 -0.0750905 0.0599682 0.799335 4.47651 6.80984 5.10749 
0.590961 -0.0757285 0.0591606 0.800956 4.46505 6.80574 5.07628 
0.588508 -0.0751238 0.0583193 0.802879 4.45361 6.80156 5.04503 
0.586115 -0.0763374 0.0580497 0.804532 4.4422 6.7973 5.01375 
0.583449 -0.077023 0.0578819 0.806415 4.43081 6.79297 4.98248 
0.581123 -0.0781581 0.057323 0.808023 4.41943 6.78856 4.95126 
0.578715 -0.0781747 0.0568486 0.809781 4.40807 6.78407 4.92012 
0.576195 -0.0779799 0.0568088 0.811598 4.39673 6.77949 4.88909 
0.573637 -0.0789101 0.0552334 0.813427 4.38541 6.77484 4.8582 
0.571084 -0.0797551 0.055655 0.81511 4.37412 6.77011 4.82748 
0.568547 -0.0810948 0.0552348 0.816779 4.36286 6.76531 4.79697 
0.565817 -0.0817629 0.0548774 0.81863 4.35162 6.76043 4.76669 
0.56215 -0.0813591 0.0540513 0.821248 4.34042 6.75546 4.73666 
0.559836 -0.0824512 0.0527517 0.822804 4.32924 6.75042 4.70692 
0.557409 -0.0822238 0.0525376 0.824489 4.3181 6.74529 4.6775 
0.555528 -0.0827226 0.051477 0.82578 4.30698 6.74008 4.64842 
0.552613 -0.0831529 0.0503702 0.827771 4.2959 6.73477 4.61972 
0.549838 -0.084146 0.0501733 0.829559 4.28484 6.7294 4.59143 
0.546949 -0.0848711 0.0501179 0.831465 4.27381 6.72395 4.56358 
0.544344 -0.0847751 0.0504422 0.83333 4.26281 6.71844 4.53617 
0.541761 -0.0850393 0.0495473 0.835441 4.25183 6.71285 4.50926 
0.538644 -0.0863522 0.0483841 0.838377 4.24088 6.70719 4.48287 
0.533249 -0.0876911 0.0479241 0.844219 4.22997 6.70145 4.45702 
0.523937 -0.088917 0.048678 0.856602 4.2191 6.69563 4.43173 
0.503505 -0.0919509 0.0492508 0.888847 4.20825 6.68973 4.40703 
0.499776 -0.0925014 0.0484278 0.890807 4.19745 6.68375 4.38294 
0.497353 -0.0925568 0.0484147 0.892072 4.1867 6.6777 4.35949 
0.49421 -0.0932804 0.0489609 0.893604 4.17601 6.67158 4.33671 
0.490775 -0.0928319 0.0482753 0.895461 4.16536 6.66539 4.31462 
0.487876 -0.0925073 0.0473137 0.897032 4.15478 6.65912 4.29324 
0.484133 -0.093055 0.0473077 0.898878 4.14425 6.65279 4.2726 
0.48161 -0.092599 0.0473346 0.900194 4.13378 6.64639 4.25271 
0.479725 -0.0932335 0.0461517 0.901138 4.12337 6.63993 4.23359 
0.47724 -0.0937373 0.045938 0.902338 4.11302 6.63339 4.21527 
0.474638 -0.0942196 0.0442644 0.903664 4.10273 6.6268 4.19776 
0.471831 -0.0944817 0.0450071 0.904981 4.09251 6.62016 4.18107 
0.467948 -0.0953593 0.0445982 0.906806 4.08235 6.61345 4.16522 
0.464297 -0.0959771 0.0439998 0.908537 4.07226 6.60669 4.15023 
0.461358 -0.0958867 0.0437941 0.909965 4.06223 6.59988 4.13611 
0.458177 -0.0961753 0.0431409 0.91148 4.05226 6.593 4.12289 
0.455229 -0.0960664 0.0426374 0.912906 4.04235 6.58606 4.11056 
0.452092 -0.0955988 0.0416758 0.914468 4.03251 6.57906 4.09915 
0.449639 -0.0958859 0.0412769 0.915597 4.02273 6.57202 4.08866 
0.446451 -0.0970339 0.0405377 0.916983 4.01302 6.56492 4.0791 
0.443071 -0.0977097 0.0396184 0.9185 4.00338 6.55776 4.07049 
0.440192 -0.0982806 0.0388711 0.919779 3.99379 6.55055 4.06283 
0.436533 -0.0983757 0.038721 0.92142 3.98427 6.54328 4.05613 
0.432607 -0.0987447 0.0384979 0.923138 3.9748 6.53597 4.05041 
0.429977 -0.0994417 0.0380769 0.924243 3.9654 6.52859 4.04567 
0.426564 -0.100315 0.0377854 0.925656 3.95604 6.52117 4.04192 
0.423079 -0.0997319 0.0354311 0.927326 3.94675 6.51369 4.03916 
0.419613 -0.100055 0.0348797 0.928802 3.9375 6.50615 4.03738 
0.416087 -0.100869 0.03459 0.930226 3.92831 6.49856 4.03659 
0.412755 -0.10158 0.0340111 0.931576 3.91918 6.49091 4.03679 
0.409865 -0.101195 0.0326308 0.932876 3.91011 6.48322 4.03799 
0.406639 -0.101476 0.0322615 0.934195 3.90109 6.47547 4.04018 
0.401818 -0.101347 0.0314915 0.93621 3.89214 6.46767 4.04335 
0.398294 -0.100353 0.0309808 0.937759 3.88325 6.45983 4.04751 
0.395818 -0.0998099 0.0306333 0.938821 3.87443 6.45195 4.05265 
0.392736 -0.100196 0.0311823 0.939988 3.86568 6.44401 4.05876 
0.389796 -0.101399 0.0305881 0.941042 3.85701 6.43602 4.06585 
0.387109 -0.102895 0.0301782 0.941947 3.8484 6.42798 4.0739 
0.383857 -0.10247 0.0299812 0.943261 3.83987 6.41991 4.08291 
0.379446 -0.102525 0.0280955 0.945008 3.8314 6.41179 4.09287 
0.376099 -0.102555 0.0273316 0.946298 3.82298 6.40362 4.10377 
0.372909 -0.102291 0.0274317 0.947521 3.81463 6.39539 4.1156 
0.369373 -0.102651 0.026517 0.948825 3.80635 6.38712 4.12835 
0.366492 -0.102974 0.0258786 0.94987 3.79814 6.37879 4.142 
0.362556 -0.102828 0.0243411 0.951363 3.79 6.37043 4.15655 
0.358819 -0.102183 0.0237756 0.952793 3.78191 6.36201 4.17196 
0.355855 -0.101901 0.0230621 0.953897 3.77389 6.35356 4.18824 
0.352503 -0.101047 0.0231662 0.955167 3.76593 6.34505 4.20535 
0.349804 -0.100776 0.0228172 0.956148 3.75804 6.33649 4.2233 
0.346799 -0.101422 0.022414 0.957131 3.75022 6.32788 4.24205 
0.342955 -0.100763 0.0213048 0.958544 3.74248 6.31922 4.26159 
0.340444 -0.0997922 0.0202743 0.959521 3.7348 6.31052 4.28189 
0.337122 -0.0991991 0.0195616 0.960713 3.7272 6.30177 4.30293 
0.33393 -0.0994744 0.0182697 0.961774 3.71967 6.29297 4.32471 
0.330621 -0.099551 0.0169275 0.96288 3.71222 6.28411 4.34719 
0.328132 -0.0994041 0.0165907 0.963712 3.70484 6.2752 4.37036 
0.32504 -0.100458 0.0161496 0.96461 3.69753 6.26623 4.39419 
0.322173 -0.100284 0.0153522 0.965558 3.6903 6.2572 4.41865 
0.319565 -0.10005 0.0141505 0.966428 3.68314 6.24812 4.44374 
0.316551 -0.101367 0.0141341 0.967237 3.67605 6.239 4.46943 
0.313748 -0.101743 0.0131466 0.968084 3.66904 6.22983 4.49569 
0.310672 -0.101656 0.0132366 0.969037 3.6621 6.22061 4.52248 
0.307555 -0.100493 0.0122614 0.970119 3.65523 6.21135 4.5498 
0.304844 -0.100771 0.0112601 0.97092 3.64842 6.20204 4.57761 
0.302937 -0.100892 0.0115936 0.971472 3.64169 6.19268 4.60587 
0.299248 -0.100556 0.0107587 0.972608 3.63502 6.18328 4.63458 
0.2968 -0.100368 0.0100193 0.973352 3.62841 6.17384 4.6637 
0.293952 -0.100438 0.00948677 0.974175 3.62188 6.16436 4.6932 
0.290236 -0.0996477 0.00881034 0.975326 3.61542 6.15484 4.72305 
0.285309 -0.100149 0.0088269 0.976662 3.60903 6.14528 4.75321 
0.282176 -0.0996524 0.0084086 0.977586 3.60273 6.13568 4.78365 
0.278566 -0.0992099 0.00777359 0.978625 3.5965 6.12605 4.81436 
0.275564 -0.0995501 0.00668133 0.979412 3.59035 6.11639 4.84529 
0.273415 -0.0992712 0.00580624 0.980022 3.58428 6.10668 4.87643 
0.270407 -0.098866 0.00591962 0.980859 3.57829 6.09694 4.90775 
0.267153 -0.0997361 0.00588065 0.981623 3.57237 6.08714 4.93919 
0.263262 -0.0994288 0.00594227 0.982658 3.56653 6.07732 4.97074 
0.260068 -0.0991244 0.00573724 0.983503 3.56076 6.06746 5.00238 
0.25658 -0.0989547 0.00501908 0.984401 3.55506 6.05755 5.03407 
0.253053 -0.0989046 0.00454932 0.985281 3.54944 6.0476 5.06577 
0.25029 -0.0985992 0.00384045 0.98599 3.54391 6.0376 5.09746 
0.246502 -0.0983135 0.00327065 0.986934 3.53846 6.02757 5.12912 
0.243533 -0.0983609 0.00246685 0.987637 3.5331 6.01751 5.16069 
0.240922 -0.0985644 0.00135034 0.988233 3.52782 6.0074 5.19215 
0.237452 -0.097794 0.000979157 0.989113 3.52261 5.99724 5.22348 
0.234769 -0.096728 0.000594923 0.989831 3.51748 5.98705 5.25463 
0.231802 -0.0962227 0.000252134 0.99055 3.51244 5.97682 5.28559 
0.228106 -0.0956188 -0.000522491 0.99143 3.50747 5.96656 5.31631 
0.224992 -0.0951634 -0.000504433 0.992155 3.50257 5.95626 5.34676 
0.221574 -0.0949997 -0.00135156 0.992906 3.49774 5.94593 5.37693 
0.218531 -0.09494 -0.00142853 0.993558 3.49299 5.93556 5.40678 
0.215388 -0.0955438 -0.00106168 0.994157 3.48831 5.92514 5.43627 
0.211116 -0.0952843 -0.00158758 0.995059 3.48371 5.91469 5.4654 
0.207565 -0.0946311 -0.00355744 0.995834 3.47919 5.9042 5.49413 
0.204508 -0.0947791 -0.00426392 0.996423 3.47475 5.89368 5.52241 
0.201158 -0.0955674 -0.00472373 0.997 3.47039 5.88312 5.55024 
0.198547 -0.0955975 -0.00481727 0.997498 3.46612 5.87252 5.57758 
0.195791 -0.0952561 -0.0047993 0.998052 3.46193 5.86189 5.60439 
0.191056 -0.0953288 -0.00485445 0.998924 3.45782 5.85123 5.63066 
0.188099 -0.0955691 -0.00535864 0.999437 3.4538 5.84054 5.65637 
0.186113 -0.0958364 -0.00661957 0.999761 3.44986 5.82981 5.68149 
0.182309 -0.0954728 -0.0073041 1.00046 3.44601 5.81904 5.70599 
0.178176 -0.0954735 -0.00852834 1.00117 3.44224 5.80823 5.72984 
0.175667 -0.0958913 -0.010318 1.00154 3.43854 5.79738 5.75304 
0.17159 -0.0960348 -0.0108457 1.0022 3.43492 5.78649 5.77556 
0.168722 -0.0955086 -0.0113739 1.00271 3.43138 5.77558 5.79738 
0.165729 -0.0959863 -0.0120137 1.00313 3.42793 5.76464 5.81847 
0.163191 -0.0945002 -0.0118399 1.00368 3.42458 5.75367 5.83881 
0.16012 -0.0946705 -0.0122404 1.00413 3.42131 5.74267 5.85838 
0.157061 -0.0942705 -0.0129283 1.00462 3.41812 5.73165 5.87717 
0.154858 -0.0938387 -0.013824 1.00498 3.41501 5.72059 5.89516 
0.151744 -0.0929815 -0.0143953 1.00551 3.41197 5.70951 5.91232 
0.148467 -0.0923303 -0.0149719 1.00603 3.409 5.6984 5.92865 
0.145975 -0.0922183 -0.0150085 1.00639 3.40611 5.68725 5.94411 
0.141747 -0.0910133 -0.0150794 1.00708 3.40329 5.67608 5.9587 
0.138109 -0.0903976 -0.0153638 1.00761 3.40055 5.66488 5.97239 
0.134524 -0.0915743 -0.016205 1.00796 3.39789 5.65366 5.98519 
0.131218 -0.0912082 -0.0171223 1.0084 3.39533 5.64242 5.99707 
0.127867 -0.0908563 -0.0184803 1.00882 3.39285 5.63117 6.00805 
0.123302 -0.0894127 -0.0192691 1.00948 3.39047 5.61989 6.0181 
0.120027 -0.0890564 -0.0188002 1.0099 3.38817 5.60859 6.0272 
0.116438 -0.0882847 -0.0190965 1.01036 3.38596 5.59727 6.03534 
0.112927 -0.0881888 -0.0195707 1.01075 3.38384 5.58592 6.04252 
0.109405 -0.087659 -0.0204456 1.01115 3.3818 5.57455 6.04873 
0.105101 -0.0880003 -0.0200137 1.01156 3.37987 5.56316 6.05398 
0.101128 -0.0872615 -0.0208774 1.012 3.37803 5.55174 6.05826 
0.0985517 -0.0860677 -0.0207533 1.01235 3.37627 5.54031 6.06156 
0.0943086 -0.0862864 -0.0208648 1.01272 3.3746 5.52884 6.06387 
0.0910939 -0.085626 -0.0205652 1.01306 3.37301 5.51736 6.06519 
0.0884495 -0.0858079 -0.0209589 1.01326 3.3715 5.50585 6.06552 
0.08513 -0.0856705 -0.0221874 1.01352 3.37009 5.49431 6.06486 
0.0823815 -0.0865348 -0.0226664 1.01366 3.36875 5.48275 6.06322 
0.0792753 -0.0867085 -0.0225492 1.01388 3.3675 5.47117 6.06061 
0.0758728 -0.0858331 -0.0223264 1.01421 3.36635 5.45957 6.05701 
0.074095 -0.08583 -0.0233036 1.01432 3.36529 5.44796 6.05242 
0.0693894 -0.0846075 -0.0231072 1.01474 3.36433 5.43634 6.04686 
0.065799 -0.0844007 -0.0235969 1.01498 3.36345 5.4247 6.04034 
0.0618483 -0.0841316 -0.0237606 1.01524 3.36266 5.41304 6.03286 
0.058077 -0.0849949 -0.0244451 1.01536 3.36196 5.40134 6.02439 
0.0556091 -0.0843159 -0.0247063 1.01554 3.36134 5.38964 6.015 
0.0519171 -0.0839495 -0.025592 1.01574 3.36083 5.37793 6.00468 
0.0491531 -0.0838843 -0.0260517 1.01587 3.3604 5.36621 5.99345 
0.0456995 -0.0830695 -0.0265979 1.01607 3.36008 5.35448 5.98132 
0.0424033 -0.0821279 -0.0271601 1.01627 3.35984 5.34273 5.96828 
0.0395391 -0.0826428 -0.0274085 1.01634 3.3597 5.33096 5.95433 
0.0360158 -0.0820849 -0.0265075 1.01653 3.35963 5.31916 5.93952 
0.0325714 -0.080611 -0.0262478 1.01677 3.35965 5.30736 5.92384 
0.0300931 -0.0794837 -0.0260134 1.01694 3.35976 5.29553 5.90732 
0.0272099 -0.0792654 -0.0265855 1.01702 3.35995 5.28369 5.88998 
0.0240534 -0.0789152 -0.0264963 1.01712 3.36023 5.27184 5.87182 
0.0209122 -0.0778005 -0.0266789 1.01727 3.36061 5.25997 5.85287 
0.0165306 -0.0771938 -0.0269493 1.01739 3.36109 5.24808 5.83316 
0.0126367 -0.0767808 -0.0267007 1.01748 3.36166 5.23619 5.8127 
0.00968923 -0.0761888 -0.0270939 1.01754 3.36232 5.22428 5.79151 
0.007061 -0.0762463 -0.0275737 1.01755 3.36307 5.21235 5.76962 
0.00315426 -0.0759602 -0.0273748 1.01759 3.3639 5.20041 5.74704 
-5.22418e-05 -0.0749221 -0.0270168 1.01768 3.36482 5.18846 5.7238 
-0.00333445 -0.0744215 -0.0275447 1.0177 3.36583 5.17649 5.69993 
-0.00604995 -0.0737136 -0.0273644 1.01775 3.36692 5.16452 5.67545 
-0.00975219 -0.0724219 -0.0274043 1.01781 3.36809 5.15254 5.65037 
-0.0136813 -0.0726796 -0.0281377 1.01773 3.36934 5.14055 5.62473 
-0.0168448 -0.0719921 -0.0288061 1.01771 3.37069 5.12856 5.59854 
-0.0196293 -0.0718757 -0.0295974 1.01765 3.37213 5.11657 5.57184 
-0.0227143 -0.0720504 -0.0296109 1.01758 3.37366 5.10457 5.54466 
-0.0255626 -0.07189 -0.0304872 1.0175 3.37528 5.09256 5.51701 
-0.0294005 -0.0716344 -0.0309472 1.0174 3.37699 5.08054 5.48894 
-0.0328642 -0.0702103 -0.0322561 1.01736 3.3788 5.06853 5.46046 
-0.0367191 -0.0696225 -0.0328991 1.01725 3.38069 5.05652 5.43161 
-0.0397021 -0.0698738 -0.0334191 1.01711 3.38268 5.04451 5.4024 
-0.0432033 -0.0694553 -0.0335879 1.01699 3.38475 5.0325 5.37288 
-0.0459898 -0.0693244 -0.0342333 1.01686 3.38691 5.0205 5.34306 
-0.0487586 -0.0681137 -0.0335741 1.01684 3.38915 5.00851 5.31299 
-0.0517052 -0.0668984 -0.034728 1.01675 3.39147 4.99653 5.28269 
-0.0540671 -0.0668603 -0.0355042 1.0166 3.39388 4.98456 5.25219 
-0.0576595 -0.06642 -0.0355463 1.01644 3.39638 4.97261 5.22153 
-0.0610538 -0.0647902 -0.0348095 1.01638 3.39896 4.96068 5.19072 
-0.0643495 -0.0638034 -0.0357213 1.01622 3.40161 4.94877 5.15981 
-0.0670979 -0.064063 -0.0361385 1.01601 3.40436 4.93689 5.12882 
-0.0701692 -0.063061 -0.0354954 1.0159 3.40718 4.92501 5.09779 
-0.0736425 -0.0632303 -0.0354777 1.01565 3.4101 4.91313 5.06674 
-0.077271 -0.0625435 -0.0357445 1.01543 3.4131 4.90127 5.0357 
-0.0806728 -0.0619167 -0.0357434 1.01521 3.41618 4.88942 5.00472 
-0.0842995 -0.0612699 -0.0363916 1.01494 3.41935 4.87761 4.97381 
-0.0866302 -0.0604998 -0.0374221 1.01476 3.42261 4.86581 4.94301 
-0.0892021 -0.0602694 -0.0370349 1.01458 3.42595 4.85403 4.91236 
-0.0925578 -0.0588268 -0.0368255 1.01438 3.42937 4.84227 4.88188 
-0.0953376 -0.0581516 -0.0376055 1.01414 3.43287 4.83053 4.85161 
-0.0979878 -0.0573549 -0.0367526 1.01398 3.43644 4.81883 4.82157 
-0.101325 -0.0570848 -0.036962 1.01367 3.44008 4.80715 4.7918 
-0.10507 -0.056527 -0.0369562 1.01334 3.44381 4.7955 4.76233 
-0.109006 -0.0565097 -0.0380979 1.01289 3.44762 4.78388 4.73318 
-0.11117 -0.0551627 -0.0379486 1.01275 3.4515 4.7723 4.70438 
-0.114073 -0.0550183 -0.038017 1.01244 3.45546 4.76075 4.67595 
-0.1173 -0.0545388 -0.0375086 1.01213 3.45951 4.74923 4.64792 
-0.12068 -0.0537501 -0.0381578 1.01177 3.46363 4.73774 4.62033 
-0.122754 -0.0531452 -0.0377032 1.01158 3.46782 4.72628 4.59321 
-0.126257 -0.0523959 -0.037487 1.01121 3.47209 4.71485 4.56658 
-0.130232 -0.0519767 -0.0382583 1.01072 3.47643 4.70347 4.54048 
-0.134287 -0.0516132 -0.0379931 1.01024 3.48085 4.69212 4.51491 
-0.137994 -0.0505168 -0.0383869 1.0098 3.48534 4.68083 4.48992 
-0.140604 -0.0494156 -0.0391379 1.00948 3.4899 4.66959 4.46553 
-0.144175 -0.0483309 -0.0384353 1.00908 3.49454 4.6584 4.44176 
-0.147471 -0.0484197 -0.038446 1.00861 3.49925 4.64724 4.41863 
-0.151393 -0.0482716 -0.0399021 1.00801 3.50404 4.63614 4.39615 
-0.154962 -0.0478597 -0.0392688 1.00753 3.50891 4.62509 4.37436 
-0.15783 -0.0469016 -0.0399923 1.00712 3.51385 4.61409 4.35328 
-0.161083 -0.0465543 -0.0401317 1.00664 3.51887 4.60314 4.33294 
-0.164093 -0.0463082 -0.0397015 1.0062 3.52396 4.59222 4.31335 
-0.166675 -0.0458361 -0.0393611 1.00583 3.52913 4.58135 4.29453 
-0.168876 -0.0460027 -0.0399596 1.00544 3.53436 4.57053 4.27649 
-0.172427 -0.0447116 -0.0400504 1.00492 3.53966 4.55978 4.25927 
-0.175656 -0.0437833 -0.0405322 1.0044 3.54504 4.54908 4.24287 
-0.179382 -0.0431167 -0.0406819 1.00379 3.55048 4.53844 4.22732 
-0.182074 -0.0432881 -0.0417688 1.00328 3.55601 4.52787 4.21262 
-0.184819 -0.0424187 -0.0427639 1.00279 3.5616 4.51735 4.19881 
-0.188668 -0.0417333 -0.0427358 1.00213 3.56727 4.5069 4.18588 
-0.192025 -0.0413814 -0.0427139 1.00154 3.57301 4.4965 4.17386 
-0.195402 -0.0413143 -0.0425168 1.00092 3.57882 4.48616 4.16275 
-0.197925 -0.0410414 -0.0419526 1.00048 3.58469 4.47587 4.15257 
-0.201217 -0.0399361 -0.0423198 0.99988 3.5906 4.46566 4.14332 
-0.204284 -0.0403112 -0.0428145 0.999248 3.59657 4.45551 4.135 
-0.207736 -0.0398096 -0.0428307 0.998585 3.6026 4.44542 4.12764 
-0.210585 -0.0387902 -0.0419144 0.998092 3.6087 4.4354 4.12123 
-0.213594 -0.0375478 -0.0423936 0.997505 3.61485 4.42543 4.11578 
-0.216476 -0.0368978 -0.0421665 0.996944 3.62107 4.41553 4.11131 
-0.219539 -0.0354825 -0.0417206 0.996372 3.62737 4.40568 4.10781 
-0.223372 -0.0339654 -0.0421414 0.99559 3.63371 4.3959 4.1053 
-0.226137 -0.0331757 -0.0413338 0.995053 3.64012 4.3862 4.10377 
-0.230033 -0.0321185 -0.0402658 0.994276 3.64659 4.37657 4.10322 
-0.234089 -0.0315751 -0.0398597 0.993403 3.65312 4.367 4.10367 
-0.237739 -0.0317681 -0.039432 0.992583 3.65972 4.35751 4.10511 
-0.240351 -0.0305913 -0.0390685 0.992032 3.66638 4.34809 4.10754 
-0.243616 -0.0292184 -0.0391942 0.991306 3.67311 4.33874 4.11094 
-0.245908 -0.0279209 -0.0386373 0.990823 3.67989 4.32947 4.11532 
-0.248848 -0.0266724 -0.0381454 0.990173 3.68673 4.32028 4.12069 
-0.251909 -0.0254685 -0.0383791 0.989455 3.69362 4.31117 4.12704 
-0.254696 -0.0239223 -0.0385823 0.988802 3.70058 4.30215 4.13435 
-0.25808 -0.0235663 -0.0389651 0.987956 3.7076 4.29321 4.14262 
-0.261552 -0.0233992 -0.0389669 0.987086 3.71469 4.28436 4.15185 
-0.264523 -0.0240233 -0.0387429 0.986323 3.72185 4.2756 4.16202 
-0.267564 -0.0233209 -0.0391161 0.98554 3.72907 4.26691 4.17313 
-0.271377 -0.0223505 -0.0388646 0.984575 3.73634 4.25831 4.18517 
-0.274107 -0.0216614 -0.0384142 0.983885 3.74368 4.24979 4.19811 
-0.276886 -0.0203298 -0.0378959 0.983189 3.75107 4.24136 4.21196 
-0.279776 -0.0196159 -0.0378119 0.982425 3.75852 4.23301 4.22669 
-0.283124 -0.0187265 -0.0373337 0.981544 3.76604 4.22474 4.24229 
-0.286478 -0.0176374 -0.0375713 0.980624 3.77361 4.21655 4.25875 
-0.289424 -0.0163526 -0.0372089 0.979833 3.78125 4.20845 4.27605 
-0.292497 -0.016477 -0.0359427 0.979007 3.78895 4.20042 4.29417 
-0.296038 -0.0166264 -0.0351998 0.978015 3.7967 4.19247 4.31309 
-0.298961 -0.0153258 -0.0353513 0.977181 3.80451 4.18463 4.3328 
-0.301881 -0.0145242 -0.0358603 0.976317 3.81239 4.17687 4.35328 
-0.304593 -0.0132917 -0.0348605 0.975567 3.82034 4.1692 4.3745 
-0.308171 -0.0131713 -0.0356516 0.974467 3.82834 4.16162 4.39645 
-0.312645 -0.0124175 -0.0355179 0.973121 3.8364 4.15414 4.41911 
-0.315922 -0.0113879 -0.0363922 0.972091 3.84451 4.14674 4.44245 
-0.318465 -0.0112642 -0.0367952 0.971286 3.85268 4.13942 4.46646 
-0.321422 -0.0110732 -0.0358933 0.970393 3.86091 4.13219 4.49111 
-0.325267 -0.0109788 -0.035663 0.969181 3.8692 4.12505 4.51638 
-0.328119 -0.0104709 -0.0357875 0.968265 3.87756 4.118 4.54224 
-0.331592 -0.00973902 -0.0352962 0.967163 3.88597 4.11102 4.56867 
-0.334503 -0.00859052 -0.0359287 0.966194 3.89443 4.10413 4.59564 
-0.338616 -0.00906849 -0.0352397 0.964851 3.90296 4.09733 4.62311 
-0.341923 -0.00810535 -0.0344277 0.963777 3.91156 4.09062 4.65106 
-0.344983 -0.00696739 -0.0348997 0.96273 3.92021 4.084 4.67948 
-0.348692 -0.006785 -0.0346391 0.961468 3.92891 4.07746 4.70832 
-0.351183 -0.00561194 -0.0353217 0.960587 3.93766 4.071 4.73756 
-0.354814 -0.00469764 -0.0352867 0.959323 3.94646 4.06462 4.76717 
-0.358269 -0.00437055 -0.0358711 0.958081 3.9553 4.05832 4.79712 
-0.361985 -0.00346271 -0.0352176 0.956779 3.96421 4.05209 4.82739 
-0.364831 -0.00157145 -0.0348777 0.955768 3.97317 4.04594 4.85794 
-0.367547 -0.000769465 -0.0351861 0.954768 3.9822 4.03987 4.88876 
-0.370128 0.000118767 -0.0347151 0.953837 3.9913 4.03387 4.91982 
-0.373761 0.0010959 -0.0355478 0.952458 4.00046 4.02795 4.95107 
-0.37788 0.00127666 -0.0357529 0.950906 4.00968 4.0221 4.98248 
-0.381531 0.00235647 -0.0368484 0.949477 4.01897 4.01632 5.01403 
-0.383987 0.00316776 -0.0366569 0.948541 4.02832 4.01061 5.04569 
-0.3872 0.00340895 -0.0366859 0.947299 4.03773 4.00496 5.07743 
-0.389527 0.00400415 -0.036958 0.946381 4.0472 3.99938 5.10921 
-0.392586 0.00396178 -0.0369642 0.945181 4.05674 3.99386 5.141 
-0.395958 0.00489898 -0.0376542 0.943815 4.06634 3.98841 5.17277 
-0.398266 0.00568646 -0.037957 0.942877 4.07601 3.98303 5.20449 
-0.401766 0.00644154 -0.0371568 0.941495 4.08574 3.9777 5.23613 
-0.404456 0.00723477 -0.0365085 0.940422 4.09552 3.97243 5.26765 
-0.406676 0.00808165 -0.0367032 0.9395 4.10537 3.96721 5.29904 
-0.410539 0.00786599 -0.036759 0.937907 4.11527 3.96205 5.33026 
-0.413439 0.008054 -0.0370997 0.936686 4.12523 3.95695 5.36129 
-0.416608 0.00955961 -0.036812 0.935352 4.13525 3.9519 5.39208 
-0.420204 0.0104208 -0.0369667 0.933814 4.14533 3.94691 5.4226 
-0.423205 0.011713 -0.0363575 0.932538 4.15546 3.94197 5.45283 
-0.425988 0.012345 -0.0363464 0.931332 4.16567 3.9371 5.48274 
-0.429623 0.0132864 -0.0367442 0.929723 4.17593 3.93229 5.5123 
-0.432389 0.013761 -0.0360263 0.928531 4.18624 3.92753 5.54147 
-0.435065 0.0140728 -0.0359324 0.927349 4.1966 3.92281 5.57023 
-0.438336 0.0140769 -0.0359074 0.925894 4.20703 3.91816 5.59856 
-0.441156 0.0142689 -0.0363158 0.92461 4.21752 3.91356 5.62641 
-0.44392 0.0145675 -0.0358993 0.923372 4.22808 3.90903 5.65377 
-0.44741 0.0153736 -0.0352715 0.921792 4.2387 3.90455 5.68062 
-0.45014 0.0156025 -0.035709 0.920517 4.24939 3.90012 5.70692 
-0.452852 0.0166248 -0.0354144 0.919256 4.26013 3.89575 5.73267 
-0.456879 0.0175631 -0.0341061 0.917406 4.27093 3.89145 5.75782 
-0.459414 0.0187341 -0.0326906 0.91624 4.28178 3.88722 5.78236 
-0.462135 0.0198461 -0.0324299 0.914935 4.29269 3.88305 5.80625 
-0.465569 0.0204898 -0.0314341 0.913314 4.30366 3.87895 5.82948 
-0.468462 0.0211101 -0.0309055 0.911924 4.31469 3.8749 5.85202 
-0.471546 0.0226671 -0.0313287 0.910376 4.32577 3.8709 5.87385 
-0.474371 0.0230202 -0.0314692 0.908981 4.33693 3.86696 5.89494 
-0.477174 0.0234673 -0.031322 0.907595 4.34815 3.86307 5.91528 
-0.480264 0.0242024 -0.0308182 0.906059 4.35943 3.85923 5.93485 
-0.483842 0.0245722 -0.0302138 0.904279 4.37077 3.85545 5.95363 
-0.486708 0.0249736 -0.0302422 0.902822 4.38217 3.85172 5.97159 
-0.488913 0.0263568 -0.0299267 0.901674 4.39364 3.84804 5.98872 
-0.491795 0.0269594 -0.0298626 0.900186 4.40516 3.84441 6.005 
-0.49589 0.0281922 -0.0304726 0.898019 4.41677 3.84083 6.02045 
-0.498818 0.0299899 -0.0290295 0.896485 4.42842 3.83731 6.03499 
-0.501421 0.0302288 -0.0277525 0.895155 4.44014 3.83384 6.04865 
-0.503356 0.0307472 -0.0272046 0.894136 4.4519 3.83042 6.0614 
-0.507648 0.0309656 -0.0277769 0.891837 4.46371 3.82704 6.07324 
-0.510013 0.0315408 -0.0270206 0.890576 4.47558 3.82371 6.08416 
-0.511912 0.031835 -0.0265466 0.889559 4.4875 3.82043 6.09414 
-0.515659 0.0319853 -0.0257054 0.887552 4.49948 3.81719 6.10318 
-0.518505 0.0331933 -0.0264833 0.885935 4.51152 3.81401 6.11126 
-0.521736 0.0337311 -0.0266418 0.884137 4.52362 3.81087 6.11838 
-0.524339 0.0334377 -0.0266174 0.882711 4.53576 3.8078 6.12453 
-0.527561 0.0344923 -0.0263653 0.880885 4.54796 3.80477 6.12971 
-0.530699 0.0345523 -0.0262251 0.879127 4.56022 3.80179 6.13391 
-0.533913 0.0356326 -0.0256055 0.877285 4.57253 3.79886 6.13714 
-0.537049 0.0361742 -0.0251705 0.875491 4.58488 3.79598 6.13939 
-0.539277 0.0360021 -0.0256934 0.874207 4.5973 3.79315 6.14066 
-0.54272 0.0367465 -0.0260656 0.872182 4.60977 3.79038 6.14093 
-0.546119 0.0378398 -0.025165 0.870184 4.62229 3.78767 6.1402 
-0.548962 0.0390864 -0.0249076 0.868472 4.63486 3.78502 6.13848 
-0.551981 0.0397974 -0.0246514 0.866667 4.64746 3.78241 6.13577 
0.500016 -0.0442276 0.0269658 -0.960217 4.66011 3.77987 6.13208 
-0.50319 0.0446263 -0.0268805 0.958805 4.67282 3.77738 6.12742 
-0.506903 0.0461812 -0.0253342 0.957123 4.68559 3.77493 6.12178 
-0.511393 0.0474238 -0.0241846 0.955082 4.69843 3.77254 6.11517 
-0.516939 0.0480987 -0.0237307 0.952554 4.71135 3.77018 6.10759 
-0.520563 0.0487324 -0.023689 0.950871 4.72434 3.76786 6.09906 
-0.523785 0.0494419 -0.024043 0.949348 4.7374 3.76558 6.08957 
-0.527862 0.0509926 -0.0232863 0.947395 4.75053 3.76336 6.07915 
-0.530441 0.0513723 -0.0222385 0.946194 4.76372 3.76117 6.06781 
-0.53403 0.0518743 -0.0218367 0.944492 4.77697 3.75903 6.05556 
-0.537839 0.0522655 -0.0219385 0.942669 4.79028 3.75693 6.04241 
-0.540745 0.053133 -0.0212539 0.941252 4.80367 3.75486 6.02837 
-0.543939 0.0533122 -0.0209589 0.939718 4.81712 3.75284 6.01347 
-0.547355 0.0544532 -0.0204868 0.938017 4.83064 3.75087 5.99771 
-0.551728 0.0543101 -0.0198826 0.935912 4.84422 3.74895 5.9811 
-0.55482 0.0539757 -0.0198925 0.934418 4.85786 3.74708 5.96367 
-0.558005 0.0536843 -0.0189702 0.932882 4.87157 3.74527 5.94542 
-0.562038 0.0552345 -0.0178862 0.93081 4.88534 3.7435 5.9264 
-0.565142 0.0566132 -0.0171698 0.92919 4.89917 3.74179 5.9066 
-0.56842 0.0564905 -0.0167929 0.927556 4.91305 3.74012 5.88605 
-0.57216 0.0564887 -0.0152228 0.925683 4.927 3.7385 5.86477 
-0.576601 0.0577272 -0.0134975 0.923363 4.94102 3.73692 5.84278 
-0.579928 0.0581031 -0.0123793 0.921642 4.95509 3.73542 5.8201 
-0.582574 0.0581164 -0.0129086 0.920271 4.96922 3.73397 5.79675 
-0.585358 0.0592624 -0.0127968 0.918758 4.98342 3.73259 5.77275 
-0.588509 0.0591312 -0.0124013 0.917125 4.99769 3.73126 5.74811 
-0.59202 0.059356 -0.0120447 0.915271 5.01201 3.73001 5.72288 
-0.595306 0.0599873 -0.0109291 0.913502 5.0264 3.72883 5.69707 
-0.598759 0.0610122 -0.010448 0.911605 5.04085 3.72772 5.67072 
-0.602233 0.0615054 -0.0103225 0.909715 5.05537 3.72668 5.64385 
-0.606745 0.0609969 -0.00943997 0.907321 5.06994 3.72572 5.61649 
-0.60932 0.0607397 -0.00889665 0.905944 5.08456 3.72481 5.58869 
-0.611488 0.060372 -0.00831548 0.904788 5.09924 3.72399 5.56045 
-0.615471 0.0599607 -0.00716868 0.902637 5.11397 3.72325 5.5318 
-0.619573 0.0598812 -0.00787636 0.900379 5.12875 3.7226 5.50278 
-0.623857 0.0605267 -0.00767066 0.89796 5.1436 3.72201 5.47341 
-0.627243 0.0622933 -0.0081153 0.895951 5.1585 3.72152 5.44371 
-0.630811 0.0640579 -0.00717172 0.893827 5.17345 3.72112 5.41371 
-0.634737 0.0647974 -0.00680262 0.891555 5.18844 3.72081 5.38345 
-0.63769 0.0655946 -0.00628457 0.889818 5.20348 3.7206 5.35296 
-0.641837 0.0664233 -0.0051969 0.887383 5.21856 3.72047 5.32227 
-0.646546 0.0670169 -0.00532368 0.884622 5.23368 3.72044 5.29142 
-0.65047 0.0668221 -0.00419346 0.882352 5.24886 3.7205 5.26043 
-0.653699 0.067303 -0.00307146 0.880425 5.26407 3.72067 5.22932 
-0.657114 0.0675149 -0.00265112 0.878399 5.27933 3.72095 5.19815 
-0.660804 0.0683759 -0.00193093 0.876151 5.29463 3.72132 5.16694 
-0.663937 0.0690337 -0.00210513 0.874241 5.30996 3.72179 5.13572 
-0.667331 0.0682628 -0.00150075 0.872264 5.32532 3.72238 5.10451 
-0.670618 0.0681266 -0.000778317 0.870292 5.34072 3.72308 5.07334 
-0.673799 0.0679365 0.000104243 0.868377 5.35616 3.72389 5.04224 
-0.678029 0.0677347 0.000723691 0.865816 5.37162 3.72481 5.01124 
-0.680934 0.068355 0.0010814 0.863992 5.38711 3.72583 4.98039 
0.503074 -0.0929763 -0.00244453 -1.17298 5.40261 3.72695 4.94969 
-0.507435 0.0947594 0.00230666 1.17156 5.41821 3.7282 4.91918 
-0.511596 0.0961684 0.00255493 1.17021 5.43394 3.72964 4.88889 
-0.516323 0.0959558 0.0031584 1.1688 5.44979 3.73128 4.85884 
-0.521153 0.0967905 0.0032462 1.16728 5.46575 3.73309 4.82907 
-0.528008 0.0977416 0.00219439 1.16512 5.48182 3.73509 4.7996 
-0.532419 0.0991793 0.00262655 1.16364 5.49799 3.73729 4.77046 
-0.537585 0.0999337 0.00327436 1.16196 5.51429 3.73968 4.74168 
-0.54235 0.101724 0.00474534 1.16029 5.53071 3.74227 4.71331 
-0.546898 0.102484 0.00504485 1.15878 5.54723 3.74508 4.68536 
-0.55286 0.102572 0.00419001 1.15688 5.56385 3.7481 4.65786 
-0.558117 0.103588 0.0046989 1.15509 5.58059 3.75134 4.63085 
-0.564493 0.104574 0.00517615 1.15292 5.59746 3.75479 4.60433 
-0.569792 0.106256 0.00551615 1.15103 5.61444 3.75847 4.57835 
-0.575865 0.106524 0.00459184 1.149 5.63153 3.76239 4.55291 
-0.582188 0.107172 0.00502777 1.14681 5.64877 3.76655 4.52801 
-0.588183 0.108241 0.00450709 1.14469 5.66606 3.77097 4.50377 
-0.591813 0.108908 0.00561972 1.14337 5.68344 3.77563 4.48016 
-0.596457 0.110824 0.00654987 1.14158 5.70093 3.78056 4.45721 
-0.601641 0.11053 0.00732247 1.1398 5.71854 3.78575 4.43493 
-0.606813 0.111281 0.00919933 1.13788 5.73625 3.79122 4.41335 
-0.611456 0.11135 0.00939791 1.13623 5.75405 3.79695 4.39248 
-0.617108 0.111999 0.00977894 1.13416 5.77194 3.80295 4.37235 
-0.622436 0.112253 0.0113568 1.13219 5.78993 3.80921 4.35297 
-0.627732 0.112465 0.0117408 1.13025 5.808 3.81576 4.33437 
-0.634567 0.112849 0.0136926 1.12767 5.82615 3.8226 4.31656 
-0.638886 0.113823 0.0149519 1.12597 5.84438 3.82974 4.29956 
-0.644361 0.115262 0.0158863 1.12378 5.86268 3.8372 4.28339 
-0.649635 0.116739 0.0165783 1.12166 5.88104 3.84496 4.26806 
-0.658232 0.117534 0.0172895 1.11833 5.89945 3.85305 4.2536 
-0.663202 0.118403 0.0174302 1.11635 5.91792 3.86147 4.24 
-0.669623 0.120111 0.0179722 1.11371 5.93647 3.87021 4.22729 
-0.674528 0.121072 0.0187607 1.1117 5.95508 3.87927 4.21548 
-0.679768 0.12148 0.0190703 1.10962 5.97376 3.88866 4.20458 
-0.684216 0.122003 0.0205551 1.10778 5.99251 3.89838 4.19462 
-0.68979 0.122859 0.021621 1.10546 6.01133 3.90843 4.18558 
-0.69578 0.123319 0.0231135 1.10298 6.03019 3.9188 4.17749 
-0.701273 0.122958 0.0254348 1.10073 6.04909 3.92949 4.17035 
-0.706626 0.122331 0.0267036 1.09859 6.06802 3.94052 4.16417 
-0.713602 0.122622 0.0259526 1.09576 6.08699 3.95188 4.15895 
-0.719424 0.123947 0.0265846 1.09323 6.10599 3.96358 4.15469 
-0.723535 0.12594 0.0280613 1.09128 6.12503 3.9756 4.15141 
-0.728921 0.125821 0.0289036 1.08903 6.1441 3.98795 4.1491 
-0.734552 0.124885 0.0300626 1.08673 6.1632 4.00062 4.14776 
-0.738298 0.125256 0.0297773 1.08513 6.18233 4.01363 4.1474 
-0.744814 0.126255 0.030371 1.08227 6.20148 4.02699 4.14804 
-0.74928 0.127203 0.031051 1.08025 6.22065 4.0407 4.14965 
-0.756328 0.128142 0.0308434 1.07716 6.23988 4.05476 4.15222 
-0.762983 0.128044 0.0326196 1.07423 6.25915 4.06917 4.15575 
-0.766257 0.129277 0.0336104 1.07264 6.27844 4.08394 4.16026 
-0.772966 0.12969 0.0351219 1.06961 6.29775 4.09907 4.16573 
-0.778597 0.130763 0.0353792 1.06703 6.31711 4.11456 4.17216 
-0.785201 0.13173 0.036425 1.06397 6.3365 4.13041 4.17953 
-0.78848 0.132516 0.0366481 1.06243 6.35592 4.14662 4.18782 
-0.793003 0.131491 0.0382679 1.06043 6.37533 4.16317 4.19704 
-0.79742 0.133018 0.0385645 1.05829 6.39474 4.18007 4.20719 
-0.803551 0.132544 0.0406549 1.05547 6.41414 4.19731 4.21824 
-0.811465 0.134021 0.0413697 1.05171 6.43355 4.21491 4.23019 
-0.818236 0.135268 0.0426232 1.04843 6.45297 4.23285 4.24302 
-0.823568 0.13494 0.0445789 1.0459 6.47239 4.25115 4.25673 
-0.830392 0.134577 0.044073 1.04283 6.49182 4.2698 4.27129 
-0.835672 0.135322 0.0443961 1.04029 6.51126 4.28878 4.28671 
-0.840622 0.135405 0.0458631 1.03789 6.5307 4.30809 4.30296 
-0.846602 0.135498 0.0469913 1.03501 6.55016 4.32775 4.32001 
-0.853257 0.136392 0.048078 1.03173 6.56963 4.34774 4.33786 
-0.858354 0.136694 0.0486969 1.02925 6.58911 4.36805 4.35648 
-0.86448 0.136785 0.0491898 1.0263 6.6086 4.38868 4.37585 
-0.869352 0.136814 0.0498273 1.02393 6.62811 4.40964 4.39596 
-0.873877 0.137617 0.0501683 1.02166 6.64762 4.43093 4.41679 
-0.878418 0.138011 0.0505735 1.01942 6.66714 4.45255 4.43831 
-0.885143 0.138593 0.0511327 1.01608 6.68665 4.47449 4.4605 
-0.890648 0.137925 0.0523146 1.01339 6.70616 4.49674 4.48335 
-0.89767 0.13831 0.053452 1.00985 6.72567 4.51928 4.50684 
-0.904082 0.138648 0.0533301 1.00669 6.74519 4.54212 4.53093 
-0.909995 0.138462 0.0538852 1.00376 6.7647 4.56526 4.5556 
-0.915877 0.139334 0.0542797 1.00075 6.78422 4.58868 4.58082 
-0.921523 0.13901 0.0541662 0.997992 6.80374 4.61238 4.60656 
-0.929014 0.138592 0.054833 0.994255 6.82326 4.63637 4.63281 
-0.934362 0.138921 0.0543269 0.99159 6.84279 4.66063 4.65953 
-0.939872 0.139311 0.055184 0.988725 6.86234 4.68514 4.68671 
-0.945668 0.139899 0.0562776 0.985668 6.88189 4.70991 4.7143 
-0.950373 0.139367 0.0573476 0.983261 6.90146 4.73495 4.7423 
-0.955235 0.139375 0.0586462 0.980696 6.92105 4.76025 4.77065 
-0.96176 0.139017 0.059936 0.977313 6.94068 4.7858 4.79934 
-0.967777 0.139903 0.0595223 0.974197 6.96032 4.81162 4.82834 
-0.97341 0.139445 0.0592044 0.971386 6.97998 4.83767 4.85761 
-0.980898 0.139244 0.0601344 0.967487 6.99965 4.86396 4.88712 
-0.986671 0.13861 0.0616131 0.964451 7.01933 4.89048 4.91684 
-0.993248 0.140412 0.0622671 0.960835 7.03901 4.91723 4.94674 
-0.998425 0.140267 0.0622803 0.958166 7.05871 4.94421 4.97679 
-1.00339 0.14032 0.0628326 0.955535 7.07841 4.97143 5.00698 
-1.00824 0.140512 0.0626642 0.953009 7.09815 4.99885 5.03725 
-1.01316 0.140549 0.0650221 0.950241 7.11794 5.02647 5.06757 
-1.01941 0.140385 0.0646343 0.947022 7.13777 5.0543 5.09792 
-1.02502 0.139279 0.0655981 0.944099 7.15764 5.08233 5.12826 
-1.033 0.139039 0.0651386 0.939969 7.17754 5.11055 5.15856 
-1.03999 0.140149 0.0642973 0.936265 7.19747 5.13895 5.18879 
-1.04508 0.140053 0.06479 0.933542 7.21746 5.16754 5.21893 
-1.05114 0.139941 0.065644 0.930274 7.23748 5.19634 5.24894 
-1.05914 0.140485 0.0652302 0.926026 7.25755 5.22533 5.27878 
-1.06544 0.140482 0.066002 0.922612 7.27768 5.25451 5.30843 
-1.07169 0.138697 0.0655026 0.919482 7.29788 5.28384 5.33785 
-1.07835 0.137188 0.0655338 0.916055 7.31815 5.31333 5.36702 
-1.08587 0.138045 0.0655688 0.911971 7.33848 5.34299 5.39592 
-1.09276 0.137762 0.067406 0.908142 7.3589 5.37288 5.42458 
-1.09854 0.138749 0.0667194 0.905033 7.37934 5.40285 5.45284 
-1.10418 0.138222 0.0676876 0.901962 7.39986 5.43298 5.48073 
-1.1129 0.138505 0.0697145 0.897077 7.42045 5.46326 5.50823 
-1.1208 0.138114 0.0699567 0.892843 7.44111 5.49366 5.53528 
-1.12697 0.138312 0.0705907 0.889451 7.46185 5.52418 5.56189 
-1.13534 0.138773 0.0698906 0.884977 7.48269 5.55482 5.588 
-1.1416 0.138976 0.0698685 0.881592 7.50362 5.5856 5.6136 
-1.14712 0.137498 0.0703779 0.878686 7.52462 5.61652 5.63866 
-1.15588 0.137533 0.0711338 0.873892 7.54571 5.64758 5.66315 
-1.15931 0.137407 0.0716823 0.872003 7.56688 5.67876 5.68704 
-1.16538 0.137445 0.0729447 0.868608 7.58812 5.71006 5.71032 
-1.171 0.137058 0.0725792 0.86564 7.60944 5.74147 5.73296 
-1.17788 0.136728 0.0734337 0.861877 7.63082 5.77298 5.75494 
-1.18517 0.136083 0.0745801 0.857882 7.65229 5.80462 5.77623 
-1.19327 0.135734 0.0757845 0.853428 7.67386 5.83636 5.79681 
0.504506 -0.321066 -0.180522 -2.02183 7.69553 5.86821 5.81665 
-0.515674 0.322779 0.180578 2.02003 7.71755 5.89989 5.83571 
-0.527397 0.32387 0.181508 2.01812 7.74027 5.93119 5.85393 
-0.538669 0.326956 0.181931 2.016 7.76377 5.96213 5.87129 
-0.549332 0.326902 0.183171 2.0143 7.78794 5.99266 5.88778 
-0.562414 0.327483 0.18245 2.01233 7.81275 6.02279 5.9034 
-0.574247 0.328335 0.182831 2.01035 7.83818 6.05246 5.91813 
-0.587722 0.331235 0.183796 2.0077 7.8643 6.08158 5.93196 
-0.59638 0.332787 0.182557 2.00623 7.89113 6.11012 5.94487 
-0.608599 0.333068 0.184337 2.00401 7.91863 6.1381 5.95684 
-0.618443 0.334308 0.183534 2.00228 7.94684 6.16555 5.96785 
-0.630714 0.335848 0.181882 2.00017 7.97578 6.19247 5.97788 
-0.645906 0.336719 0.182373 1.99738 8.00545 6.21893 5.98692 
-0.656741 0.338694 0.183459 1.99507 8.03591 6.24494 5.99495 
-0.670449 0.339648 0.185821 1.99222 8.06715 6.2705 6.00195 
-0.681447 0.339054 0.187976 1.99007 8.09912 6.29562 6.00791 
-0.692799 0.338466 0.188935 1.98795 8.13187 6.32027 6.01282 
-0.707055 0.340353 0.191233 1.98473 8.16541 6.34441 6.01668 
-0.722016 0.34338 0.191302 1.98142 8.19971 6.36802 6.01949 
-0.734029 0.346704 0.191641 1.97854 8.23479 6.39106 6.02123 
-0.746861 0.347499 0.192477 1.97578 8.2707 6.41349 6.02191 
-0.759893 0.348383 0.192472 1.97303 8.30738 6.43537 6.02152 
-0.775548 0.349502 0.193493 1.96954 8.34479 6.45671 6.02005 
-0.789428 0.351948 0.193137 1.96632 8.38294 6.47753 6.01752 
-0.803963 0.35292 0.195634 1.96279 8.42182 6.4979 6.0139 
-0.819837 0.353361 0.196414 1.95921 8.46148 6.51782 6.00921 
-0.83144 0.351346 0.197749 1.9568 8.50192 6.53722 6.00342 
-0.843915 0.351073 0.199881 1.95381 8.54313 6.55605 5.99656 
-0.85533 0.348982 0.20201 1.95128 8.58505 6.57432 5.98862 
-0.868134 0.347346 0.201143 1.94871 8.62779 6.59201 5.97962 
-0.879769 0.348478 0.201246 1.94585 8.67135 6.60917 5.96954 
-0.892616 0.347824 0.202798 1.94275 8.71569 6.62578 5.95842 
-0.903914 0.348394 0.20328 1.93994 8.76088 6.64187 5.94622 
-0.916055 0.347344 0.202495 1.93729 8.8069 6.65747 5.93296 
-0.927086 0.348411 0.202186 1.93451 8.85368 6.6726 5.91866 
-0.939273 0.349271 0.203729 1.9312 8.90123 6.68732 5.90334 
-0.949832 0.351541 0.204066 1.92822 8.94956 6.7016 5.88698 
-0.962094 0.353492 0.205246 1.92472 8.9987 6.71551 5.8696 
-0.975201 0.352265 0.208058 1.92121 9.04862 6.7291 5.85121 
-0.986997 0.352821 0.208755 1.91802 9.09931 6.74238 5.8318 
-0.99804 0.355107 0.208381 1.9149 9.15077 6.75538 5.81139 
-1.00746 0.355654 0.20788 1.91243 9.20299 6.76804 5.79002 
-1.01948 0.354607 0.209273 1.90923 9.2559 6.78042 5.76769 
-1.02981 0.353533 0.207667 1.90686 9.30951 6.79258 5.74443 
-1.04333 0.354721 0.207345 1.90311 9.36382 6.80452 5.72025 
-1.0562 0.354993 0.208417 1.89944 9.4188 6.81623 5.69517 
-1.06854 0.356189 0.209114 1.8958 9.4745 6.82774 5.6692 
-1.08072 0.357724 0.208722 1.89227 9.53092 6.83914 5.64235 
-1.09299 0.35653 0.211222 1.88867 9.58795 6.85046 5.61465 
-1.10692 0.356153 0.210841 1.88485 9.64563 6.86168 5.58614 
-1.12143 0.357567 0.211203 1.88047 9.70401 6.87279 5.55681 
-1.13408 0.356075 0.210444 1.87714 9.76308 6.88379 5.52668 
-1.14723 0.35737 0.211446 1.87301 9.82283 6.89473 5.49579 
-1.15913 0.358067 0.211162 1.86947 9.88323 6.9057 5.46414 
-1.17263 0.357145 0.211793 1.86551 9.94424 6.91671 5.43177 
-1.18537 0.357619 0.212856 1.8615 10.0059 6.92782 5.3987 
-1.19754 0.357219 0.21407 1.85772 10.0681 6.93906 5.36496 
-1.20664 0.360406 0.212927 1.8547 10.131 6.95046 5.33057 
-1.22202 0.361153 0.211645 1.85009 10.1944 6.96205 5.29555 
-1.23763 0.360545 0.211696 1.84536 10.2584 6.9739 5.25992 
-1.2497 0.360461 0.213426 1.84137 10.3231 6.98596 5.22372 
-1.26483 0.360907 0.214774 1.83637 10.3882 6.9982 5.18698 
-1.27647 0.359508 0.21539 1.83279 10.4539 7.01068 5.14974 
-1.29291 0.358671 0.217101 1.82741 10.5201 7.02344 5.11201 
-1.30658 0.356611 0.217377 1.82325 10.5868 7.03651 5.07382 
-1.31684 0.357825 0.2187 1.81958 10.6539 7.04989 5.03522 
-1.32671 0.356831 0.220808 1.81618 10.7215 7.06361 4.99623 
-1.33744 0.355835 0.222365 1.81256 10.7896 7.07773 4.95688 
-1.35175 0.355437 0.223488 1.80773 10.8581 7.09229 4.91719 
-1.36806 0.354643 0.225195 1.80216 10.927 7.10733 4.87719 
-1.37979 0.354468 0.225816 1.79817 10.9963 7.12291 4.83692 
-1.39191 0.353852 0.227915 1.79385 11.0659 7.13904 4.79641 
-1.40619 0.354071 0.22808 1.78897 11.136 7.15571 4.75563 
-1.41842 0.35543 0.228203 1.78462 11.2063 7.1729 4.71475 
-1.43325 0.353774 0.227986 1.77977 11.277 7.19075 4.67371 
-1.44743 0.35261 0.22952 1.77478 11.3479 7.20932 4.63254 
-1.46146 0.351891 0.231513 1.76969 11.4191 7.22862 4.59128 
-1.47479 0.349612 0.232921 1.76507 11.4905 7.24865 4.54996 
-1.48779 0.349667 0.236116 1.76 11.5621 7.26946 4.5086 
-1.50362 0.349749 0.239465 1.75387 11.6339 7.29111 4.46724 
-1.51718 0.350881 0.238467 1.74909 11.7059 7.31353 4.4259 
-1.53006 0.349345 0.239529 1.74449 11.7781 7.33681 4.38461 
-1.54264 0.350484 0.240169 1.73975 11.8504 7.36096 4.34344 
-1.55912 0.346573 0.239838 1.73428 11.9227 7.38601 4.30239 
-1.5716 0.34723 0.24001 1.72966 11.9951 7.41196 4.26152 
-1.58528 0.346758 0.240069 1.72472 12.0674 7.43884 4.22086 
-1.60054 0.345335 0.240316 1.71925 12.1398 7.46671 4.18042 
-1.62086 0.344419 0.240656 1.71181 12.212 7.4956 4.14023 
-1.63429 0.343225 0.240546 1.70698 12.2843 7.52554 4.1003 
-1.65161 0.342177 0.24178 1.70045 12.3565 7.55651 4.06068 
-1.66435 0.341165 0.242246 1.69572 12.4286 7.58859 4.02141 
-1.67482 0.341856 0.244985 1.69129 12.5006 7.6218 3.9825 
-1.68866 0.341871 0.246874 1.68579 12.5726 7.65616 3.94396 
-1.70283 0.340698 0.245965 1.6807 12.6443 7.69173 3.90583 
-1.71992 0.339788 0.247016 1.67415 12.7159 7.72852 3.86815 
-1.73656 0.338903 0.247053 1.6679 12.7872 7.76653 3.83095 
-1.75304 0.336983 0.247719 1.66167 12.8582 7.80578 3.79426 
-1.7644 0.335612 0.24994 1.65709 12.9289 7.8463 3.75811 
-1.78276 0.337084 0.249649 1.64997 12.9993 7.88813 3.7225 
-1.79586 0.33709 0.249727 1.64491 13.0693 7.93128 3.68747 
-1.81074 0.335566 0.251381 1.63902 13.1391 7.97574 3.65305 
-1.82552 0.336815 0.250159 1.6334 13.2085 8.02152 3.61924 
-1.83909 0.337248 0.249991 1.62813 13.2775 8.06872 3.58606 
-1.85554 0.337638 0.250834 1.62157 13.3461 8.11736 3.55353 
-1.8679 0.337963 0.250587 1.61677 13.4143 8.16741 3.52169 
-1.88242 0.338032 0.251534 1.61094 13.4821 8.21889 3.49054 
-1.89585 0.336859 0.252785 1.60557 13.5494 8.27184 3.46012 
-1.91037 0.336046 0.253757 1.59979 13.6161 8.32633 3.43044 
-1.92258 0.335438 0.253788 1.59504 13.6824 8.38227 3.4015 
-1.94155 0.334657 0.253942 1.58762 13.7482 8.43967 3.37333 
-1.95816 0.335102 0.253356 1.58114 13.8134 8.49856 3.34596 
-1.97579 0.334903 0.252972 1.57428 13.878 8.55894 3.3194 
-1.99213 0.334459 0.252809 1.56789 13.9419 8.62084 3.29367 
-2.00692 0.333282 0.254523 1.56184 14.0053 8.68426 3.26877 
-2.02335 0.331017 0.256125 1.55524 14.0681 8.74922 3.24469 
-2.03707 0.330733 0.253681 1.55023 14.1304 8.8157 3.22145 
-2.05567 0.328477 0.253788 1.54299 14.192 8.88375 3.19906 
-2.07353 0.327054 0.251808 1.53633 14.2529 8.95343 3.17754 
-2.09443 0.325577 0.251319 1.52822 14.3131 9.02465 3.15691 
-2.11307 0.326556 0.252525 1.52058 14.3726 9.09741 3.1372 
-2.13371 0.32337 0.252864 1.51254 14.4313 9.17171 3.11839 
-2.1498 0.322125 0.252148 1.50635 14.4894 9.24756 3.10046 
-2.16838 0.322763 0.25347 1.49876 14.5468 9.32492 3.08344 
-2.18685 0.322071 0.254071 1.4914 14.6034 9.40381 3.06733 
-2.20201 0.321748 0.252756 1.48563 14.6593 9.48427 3.05212 
-2.22505 0.323113 0.253319 1.47639 14.7145 9.56633 3.03781 
-2.24666 0.320881 0.251525 1.46827 14.769 9.64996 3.02441 
-2.26142 0.31859 0.252282 1.46245 14.8226 9.73512 3.01193 
-2.28305 0.318426 0.253789 1.45373 14.8755 9.82187 3.00036 
-2.30319 0.318084 0.255292 1.44562 14.9276 9.91021 2.98969 
-2.32482 0.318563 0.256288 1.43699 14.9789 10.0001 2.97992 
-2.35072 0.320035 0.258072 1.42657 15.0293 10.0916 2.97106 
-2.36779 0.320776 0.258445 1.41985 15.0789 10.1847 2.96307 
-2.38651 0.319003 0.257929 1.41274 15.1278 10.2794 2.95595 
-2.40678 0.316935 0.259434 1.40474 15.1759 10.3757 2.9497 
-2.42461 0.315512 0.260274 1.39779 15.2232 10.4735 2.94431 
-2.44586 0.3131 0.260503 1.38966 15.2698 10.573 2.93974 
-2.46292 0.309532 0.25823 1.38358 15.3155 10.6741 2.93601 
-2.48265 0.311676 0.258304 1.37598 15.3604 10.7767 2.93311 
-2.50171 0.309536 0.258194 1.36881 15.4044 10.8808 2.93103 
-2.523 0.308099 0.260121 1.3605 15.4476 10.9865 2.92975 
-2.54341 0.306053 0.259427 1.35296 15.49 11.0937 2.92926 
-2.56313 0.301132 0.261494 1.34535 15.5315 11.2023 2.92955 
-2.58654 0.29876 0.264114 1.33627 15.5722 11.3123 2.9306 
-2.61519 0.297741 0.263597 1.32573 15.612 11.4239 2.93239 
-2.63616 0.295561 0.26541 1.31776 15.6509 11.5369 2.93489 
-2.66146 0.292933 0.265777 1.30846 15.6891 11.6513 2.9381 
-2.68647 0.292848 0.264432 1.29954 15.7263 11.7671 2.94199 
-2.71178 0.292666 0.266208 1.29013 15.7628 11.8843 2.94654 
-2.74067 0.29162 0.264639 1.27998 15.7985 12.0028 2.95173 
-2.77093 0.289635 0.263482 1.26937 15.8333 12.1225 2.95754 
-2.79649 0.289029 0.26231 1.2605 15.8675 12.2436 2.96395 
-2.81854 0.286238 0.262927 1.25269 15.9009 12.366 2.97091 
-2.83791 0.283227 0.260576 1.24625 15.9336 12.4896 2.97842 
-2.86808 0.280955 0.263815 1.23539 15.9656 12.6145 2.98643 
-2.89233 0.279474 0.264258 1.22702 15.9968 12.7406 2.99495 
-2.92315 0.277896 0.261324 1.21691 16.0273 12.8679 3.00393 
-2.94998 0.278846 0.260357 1.20801 16.0571 12.9963 3.01337 
-2.97942 0.27753 0.254104 1.19896 16.0862 13.1259 3.02322 
-3.01027 0.273767 0.253924 1.18878 16.1148 13.257 3.03344 
-3.04725 0.269702 0.254734 1.1766 16.1428 13.3889 3.04398 
-3.07643 0.271082 0.253436 1.16736 16.1702 13.522 3.05481 
-3.10912 0.267822 0.253494 1.15691 16.197 13.6562 3.06593 
-3.14097 0.264185 0.253113 1.14688 16.2233 13.7915 3.0773 
-3.17238 0.258471 0.253302 1.13701 16.2491 13.9278 3.08891 
-3.20505 0.254596 0.253066 1.12693 16.2744 14.0651 3.10071 
-3.23943 0.251097 0.250423 1.11673 16.2993 14.2034 3.11266 
-3.25674 0.247698 0.247611 1.11176 16.3237 14.3427 3.12474 
-3.28998 0.244781 0.249555 1.10162 16.3478 14.4828 3.13692 
-3.32933 0.243267 0.250445 1.08996 16.3715 14.6238 3.14918 
-3.36644 0.241663 0.250899 1.07916 16.3948 14.7657 3.16148 
-3.40334 0.2412 0.249281 1.06881 16.4178 14.9085 3.17378 
-3.44769 0.238024 0.246385 1.0566 16.4404 15.0521 3.18606 
-3.48858 0.235855 0.242839 1.04564 16.4628 15.1965 3.19827 
