0 0.99875 0.0499792 0 0 1 0 0 -0.0507566 0.380972 0.302938 -39.1808 0.733069 9.74138 -0 6.28319 1.5708 5.06592e-05 -0.000131068 9.66605e-05 0.000700747 -0.000312558 -0.00127084 
0.005 0.99875 0.0499781 0.000538626 0.000759427 0.999507 0.0314108 0.0078539 0.0172178 -0.0691793 0.255563 -39.7766 -0.0843108 9.96996 -0.19736 6.28008 1.57075 5.65144e-05 -0.00010965 0.000164577 0.000757604 0.0022233 -0.00207743 
0.01 0.998749 0.049975 0.00107724 0.00151886 0.998027 0.0627905 0.0157073 0.0138338 0.0823913 0.544743 -38.9721 -1.48092 9.68761 -0.394524 6.27079 1.5706 0.000158205 -0.000113692 0.000274909 -9.88181e-05 0.00193307 -0.000417597 
0.015 0.998747 0.0499698 0.00161581 0.00227829 0.995562 0.0941083 0.0235598 0.259685 0.36736 0.217745 -39.4868 -2.64193 9.97353 -0.5913 6.2553 1.57036 7.66743e-05 -0.000158301 0.000185973 0.00120253 0.00249857 0.000656267 
0.02 0.998744 0.0499626 0.00215434 0.00303773 0.992115 0.125333 0.0314108 -0.150316 0.00381577 0.0955084 -39.3453 -3.95329 10.0412 -0.787492 6.23364 1.57002 5.68543e-05 -0.000158001 0.000176647 0.000599629 0.00246587 0.000571273 
0.025 0.998741 0.0499532 0.0026928 0.00379717 0.987688 0.156434 0.0392598 0.0992194 0.372313 0.474117 -39.2561 -4.77725 10.0249 -0.982907 6.20583 1.56959 1.44679e-05 -0.000124897 0.000100315 0.000797917 0.00246516 0.000206921 
0.03 0.998737 0.0499418 0.00323118 0.00455662 0.982287 0.187381 0.0471065 -0.083329 0.277976 0.454438 -38.7572 -5.28539 9.94911 -1.17735 6.17189 1.56905 -5.41371e-05 -7.05237e-05 8.01869e-05 0.000779557 0.00187969 5.28576e-05 
0.035 0.998732 0.0499283 0.00376946 0.00531608 0.975917 0.218143 0.0549502 0.182256 0.4315 0.458541 -38.367 -7.36021 10.2684 -1.37063 6.13187 1.56842 -3.75681e-05 -2.17611e-06 -1.54373e-05 0.00107624 0.00138037 -2.67347e-06 
0.04 0.998726 0.0499127 0.00430763 0.00607555 0.968583 0.24869 0.0627905 -0.450664 0.188532 -0.0767387 -38.3853 -8.44258 9.74662 -1.56256 6.08579 1.5677 -6.20418e-05 3.95536e-05 -2.48183e-05 0.00119611 0.0002861 0.00105197 
0.045 0.998719 0.0498951 0.00484566 0.00683504 0.960294 0.278991 0.070627 0.0502138 0.274941 0.392184 -38.7092 -9.83562 10.7165 -1.75295 6.0337 1.56687 4.83723e-05 -1.17136e-05 -9.73384e-05 0.00137203 0.000536123 0.00175961 
0.05 0.998712 0.0498754 0.00538355 0.00759454 0.951057 0.309017 0.0784591 -0.321903 0.184072 0.0664416 -37.5922 -10.9134 10.1747 -1.94161 5.97566 1.56595 -6.48033e-05 6.44311e-05 -8.42872e-05 0.00124302 0.000496972 0.0011469 
0.055 0.998704 0.0498536 0.00592127 0.00835406 0.940881 0.338738 0.0862864 -0.0652277 -0.189243 0.414523 -37.0029 -11.8905 10.3411 -2.12835 5.91173 1.56494 9.9947e-05 0.000138954 -2.1836e-05 0.000995674 0.000133544 0.000682094 
0.06 0.998695 0.0498298 0.00645881 0.00911359 0.929776 0.368125 0.0941083 -0.12932 0.295097 0.580676 -37.0299 -13.0259 10.897 -2.31299 5.84196 1.56383 0.000103478 0.000185141 -9.66226e-05 0.00100578 0.000891162 0.000647105 
0.065 0.998686 0.0498038 0.00699616 0.00987315 0.917755 0.397148 0.101924 0.219725 0.763793 0.280717 -36.52 -14.1363 10.4027 -2.49535 5.76642 1.56262 -1.61899e-05 0.000177456 -0.000164488 0.00211356 0.00169768 0.000131896 
0.07 0.998675 0.0497758 0.00753329 0.0106327 0.904827 0.425779 0.109734 0.0493934 -0.134454 0.384573 -36.123 -15.2556 10.7225 -2.67525 5.6852 1.56131 1.19044e-05 0.000290178 -7.83593e-06 0.0033239 0.00329142 0.00025954 
0.075 0.998664 0.0497458 0.00807019 0.0113923 0.891007 0.453991 0.117537 -0.128311 0.07802 0.300189 -35.6835 -16.4893 10.9502 -2.85251 5.59836 1.55991 -0.000108277 0.000267253 5.22056e-05 0.00300074 0.00399923 0.000901196 
0.08 0.998652 0.0497136 0.00860684 0.0121519 0.876307 0.481754 0.125333 0.132678 0.405065 0.488535 -34.9209 -16.5374 10.4441 -3.02695 5.506 1.55841 -0.000146227 0.000288644 -3.54187e-05 0.00204045 0.00466544 0.00255688 
0.085 0.99864 0.0496794 0.00914324 0.0129116 0.860742 0.509041 0.133121 -0.0738272 0.181749 0.151358 -34.5968 -18.3031 10.7537 -3.1984 5.4082 1.55682 6.15484e-05 0.000475775 -1.85295e-05 0.00157488 0.00441515 0.00264186 
0.09 0.998627 0.0496432 0.00967935 0.0136713 0.844328 0.535827 0.140901 0.661867 0.25703 0.541537 -34.3155 -19.3456 10.9645 -3.3667 5.30507 1.55513 0.00015219 0.000393286 -1.39852e-05 0.000781613 0.00335274 0.00251869 
0.095 0.998612 0.0496048 0.0102152 0.014431 0.827081 0.562083 0.148672 0.120421 -0.0831684 0.357441 -33.4985 -20.0853 10.8877 -3.53167 5.1967 1.55334 0.000244276 0.000425492 -1.32941e-05 0.00069907 0.00311709 0.00216604 
0.1 0.998598 0.0495645 0.0107507 0.0151907 0.809017 0.587785 0.156434 -0.0314617 0.256181 -0.164637 -32.8405 -21.3465 11.0323 -3.69316 5.0832 1.55146 0.000185669 0.000426093 -0.000112583 0.00108926 0.00366863 0.00352994 
0.105 0.998582 0.049522 0.0112859 0.0159505 0.790155 0.612907 0.164187 -0.0504862 -0.104369 0.412687 -31.9849 -22.5195 10.7212 -3.85101 4.96469 1.54948 0.000128098 0.000431436 -0.000188083 0.00148448 0.00412585 0.0026852 
0.11 0.998565 0.0494775 0.0118207 0.0167103 0.770513 0.637424 0.171929 0.126298 0.140112 0.476728 -31.5316 -22.9587 10.6063 -4.00505 4.84128 1.54741 0.000174078 0.000443697 -0.000281787 0.00195539 0.00450005 0.00300507 
0.115 0.998548 0.0494309 0.0123552 0.0174701 0.750111 0.661312 0.179661 0.170141 0.263811 0.563646 -30.6793 -24.3138 11.5073 -4.15515 4.71309 1.54524 0.000101797 0.000493714 -0.000209756 0.00176612 0.00437797 0.00306551 
0.12 0.99853 0.0493823 0.0128893 0.01823 0.728969 0.684547 0.187381 0.205786 0.199512 0.452867 -30.4407 -24.8607 11.5091 -4.30114 4.58024 1.54297 8.65879e-05 0.000637058 -0.000177043 0.00257823 0.00508217 0.00312846 
0.125 0.998512 0.0493316 0.013423 0.0189899 0.707107 0.707107 0.19509 -0.125215 0.193597 0.364853 -29.2587 -25.7975 10.9448 -4.44288 4.44288 1.54061 0.00024768 0.00060418 -0.000222087 0.00291985 0.00471969 0.00189161 
0.13 0.998492 0.0492789 0.0139563 0.0197498 0.684547 0.728969 0.202787 -0.0644872 0.00898239 0.381526 -28.5517 -26.7303 11.3329 -4.58025 4.30114 1.53816 0.000180106 0.000627666 -0.000136484 0.00301892 0.00531022 0.00174677 
0.135 0.998472 0.0492242 0.0144891 0.0205098 0.661312 0.750111 0.210472 0.015282 -0.0892528 0.310645 -27.2789 -27.0823 10.8678 -4.71309 4.15514 1.53561 0.000194816 0.000603785 -0.000165198 0.0025618 0.00534958 0.0017026 
0.14 0.998451 0.0491673 0.0150216 0.0212699 0.637424 0.770513 0.218143 0.159746 0.663215 0.422171 -27.0619 -28.2707 10.9169 -4.84128 4.00505 1.53297 0.000224778 0.000641827 -0.00010009 0.00319915 0.00474123 0.00301646 
0.145 0.998429 0.0491085 0.0155535 0.02203 0.612907 0.790155 0.225801 0.184344 -0.0637644 0.493304 -26.1593 -29.0543 11.6689 -4.96469 3.85101 1.53023 0.000204595 0.00067209 -0.000207176 0.00231132 0.00374151 0.00218292 
0.15 0.998407 0.0490476 0.016085 0.0227901 0.587785 0.809017 0.233445 0.00602726 0.344633 0.435726 -24.9176 -29.9102 11.6192 -5.0832 3.69316 1.5274 8.36224e-05 0.000718393 -0.000185237 0.00288572 0.003504 0.00183342 
0.155 0.998384 0.0489846 0.016616 0.0235503 0.562083 0.827081 0.241075 0.353869 0.612686 0.157203 -23.8209 -30.268 11.5278 -5.1967 3.53167 1.52447 0.000171576 0.00079599 -0.000113649 0.00259118 0.00340078 0.00266159 
0.16 0.99836 0.0489196 0.0171465 0.0243105 0.535827 0.844328 0.24869 0.0830402 0.295166 0.345971 -23.1038 -31.4102 11.352 -5.30507 3.3667 1.52145 0.000316956 0.000805838 -2.92295e-05 0.00327253 0.00372154 0.0018041 
0.165 0.998335 0.0488526 0.0176765 0.0250708 0.509041 0.860742 0.256289 0.195819 0.456519 0.0795503 -21.897 -31.7093 11.8192 -5.4082 3.1984 1.51833 0.000252538 0.000832402 -3.82678e-05 0.0030285 0.00318039 0.00184722 
0.17 0.998309 0.0487835 0.0182059 0.0258311 0.481754 0.876307 0.263873 -0.106927 0.654504 0.284874 -21.355 -31.9659 11.8446 -5.506 3.02695 1.51512 0.000142622 0.000722713 -9.14965e-05 0.00350124 0.00385656 0.00109338 
0.175 0.998283 0.0487124 0.0187348 0.0265915 0.453991 0.891006 0.27144 0.0123359 0.20942 0.472654 -19.9818 -32.9496 11.5217 -5.59836 2.85251 1.51182 0.000141377 0.000897585 -0.000208568 0.00409125 0.00409799 0.000814711 
0.18 0.998256 0.0486393 0.0192631 0.0273519 0.425779 0.904827 0.278991 -0.219844 -0.223063 0.28694 -18.9206 -33.9368 11.6055 -5.6852 2.67525 1.50843 0.000157614 0.000899028 -0.000257725 0.00505701 0.00469503 0.000474123 
0.185 0.998228 0.0485642 0.0197908 0.0281124 0.397148 0.917755 0.286525 0.189137 0.15192 0.404275 -18.5257 -34.8701 11.9731 -5.76642 2.49535 1.50494 0.000227786 0.000997184 -0.000184826 0.00404789 0.00470107 0.000887274 
0.19 0.9982 0.048487 0.0203179 0.028873 0.368125 0.929776 0.29404 -0.148825 0.213839 0.426574 -17.1033 -34.8795 12.0485 -5.84196 2.313 1.50136 0.000322144 0.000991904 -0.000222614 0.00420182 0.00499841 0.000148788 
0.195 0.99817 0.0484078 0.0208444 0.0296336 0.338738 0.940881 0.301538 -0.141723 0.163074 0.421327 -16.3305 -35.2756 11.7423 -5.91173 2.12835 1.49768 0.000254025 0.000906095 -6.58158e-05 0.00469395 0.00448085 -3.92543e-05 
0.2 0.99814 0.0483266 0.0213703 0.0303942 0.309017 0.951056 0.309017 0.0782605 0.191448 0.311076 -14.7821 -36.0172 11.8883 -5.97566 1.94161 1.49392 0.000217838 0.000970968 -0.000196116 0.00492404 0.00545491 -0.000371098 
0.205 0.998109 0.0482434 0.0218955 0.031155 0.278991 0.960294 0.316477 0.253354 0.264338 0.175991 -13.692 -35.8157 11.9169 -6.0337 1.75295 1.49006 7.08455e-05 0.00107233 -0.000158268 0.00487039 0.00640321 0.000690892 
0.21 0.998078 0.0481582 0.02242 0.0319158 0.24869 0.968583 0.323917 -0.0116821 0.0482654 0.120606 -12.2175 -36.664 11.9371 -6.08579 1.56257 1.48611 2.03502e-05 0.00117816 -0.000298248 0.00490467 0.00613751 0.000897747 
0.215 0.998046 0.048071 0.0229439 0.0326767 0.218144 0.975917 0.331338 -0.189761 0.267121 0.592837 -11.8331 -37.0483 12.2283 -6.13187 1.37064 1.48207 6.32536e-06 0.00111189 -0.000347019 0.00385031 0.00672953 0.000917831 
0.22 0.998013 0.0479817 0.0234671 0.0334376 0.187382 0.982287 0.338738 -0.0830175 0.200249 0.240904 -10.3828 -37.1243 12.2152 -6.17189 1.17735 1.47793 -0.000117325 0.00115561 -0.000414242 0.00461328 0.0065958 0.00102669 
0.225 0.997979 0.0478905 0.0239895 0.0341986 0.156435 0.987688 0.346117 -0.137966 0.305862 0.337632 -9.31207 -37.1781 11.9524 -6.20583 0.982909 1.47371 -0.000181901 0.00113606 -0.000426885 0.0047683 0.00742043 0.0014808 
0.23 0.997944 0.0477973 0.0245112 0.0349597 0.125334 0.992115 0.353475 0.313193 0.434452 0.379612 -8.22799 -37.6144 12.6172 -6.23364 0.787495 1.46939 -0.000148705 0.00102063 -0.000387848 0.00310266 0.00764097 0.00225455 
0.235 0.997909 0.0477021 0.0250322 0.0357208 0.0941088 0.995562 0.360811 0.157481 0.289524 0.18175 -6.76537 -37.8033 12.0802 -6.2553 0.591303 1.46499 -0.000116742 0.000992392 -0.000303267 0.00294431 0.00809835 0.00220254 
0.24 0.997873 0.0476048 0.0255524 0.036482 0.062791 0.998027 0.368124 -0.536371 0.415816 0.582956 -5.62296 -38.1092 12.5852 -6.27079 0.394528 1.46049 -0.000151519 0.00100803 -0.000321916 0.00253398 0.00680601 0.00200033 
0.245 0.997836 0.0475056 0.0260718 0.0372433 0.0314113 0.999507 0.375415 -0.0556036 0.104397 0.414836 -4.74946 -38.5474 12.4936 -6.28008 0.197363 1.4559 -0.000219616 0.00101679 -0.000365057 0.00273446 0.00688984 0.00209581 
0.25 0.997798 0.0474045 0.0265904 0.0380047 5.61761e-07 1 0.382683 -0.185925 0.434364 0.188013 -3.76348 -38.392 12.3413 -6.28319 3.52965e-06 1.45123 -0.00028913 0.000980857 -0.00036929 0.00199929 0.00854417 0.00207756 
0.255 0.99776 0.0473013 0.0271082 0.0387661 -0.0314102 0.999507 0.389928 -0.347491 0.538682 0.490798 -2.37613 -38.3329 12.4428 -6.28009 -0.197356 1.44646 -0.000350289 0.000996953 -0.000266144 0.00169715 0.00799269 0.00147536 
0.26 0.997721 0.0471962 0.0276252 0.0395277 -0.0627899 0.998027 0.397148 -0.166796 0.164857 0.469299 -0.878229 -38.3567 13.0009 -6.27079 -0.394521 1.44161 -0.000347953 0.000906493 -0.000313947 0.000966234 0.00767797 0.00191715 
0.265 0.997681 0.0470891 0.0281414 0.0402893 -0.0941077 0.995562 0.404343 0.337934 0.368389 0.368378 0.00227878 -38.4359 12.1597 -6.2553 -0.591296 1.43666 -0.000326925 0.000951232 -0.000323888 0.0025264 0.00673922 0.00200523 
0.27 0.99764 0.04698 0.0286567 0.041051 -0.125333 0.992115 0.411514 0.129626 0.218484 0.493858 0.687506 -38.4484 12.936 -6.23364 -0.787488 1.43163 -0.000329667 0.000910035 -0.000248354 0.00235829 0.00676709 0.00291444 
0.275 0.997599 0.046869 0.0291711 0.0418127 -0.156434 0.987688 0.41866 -0.142769 0.0946241 0.359177 2.7138 -39.0242 12.4613 -6.20583 -0.982902 1.42651 -0.000332638 0.000878473 -0.000284657 0.00150656 0.00548262 0.00230888 
0.28 0.997557 0.046756 0.0296846 0.0425746 -0.187381 0.982287 0.425779 0.0161911 0.101134 0.395735 3.77904 -38.3617 12.6356 -6.17189 -1.17735 1.4213 -0.00031352 0.000853387 -0.00032928 0.00168475 0.00508312 0.00293577 
0.285 0.997514 0.046641 0.0301972 0.0433365 -0.218142 0.975917 0.432872 -0.0614042 0.492943 0.313803 4.9378 -37.7865 13.2359 -6.13187 -1.37063 1.416 -0.000272408 0.000845086 -0.000441878 0.00158398 0.004254 0.00262119 
0.29 0.997471 0.0465241 0.0307089 0.0440985 -0.248689 0.968583 0.439939 -0.0589502 0.55457 0.154063 5.88342 -37.9391 12.5588 -6.08579 -1.56256 1.41062 -0.000387431 0.000882949 -0.000622647 0.00176549 0.00337138 0.00162761 
0.295 0.997426 0.0464053 0.0312197 0.0448607 -0.27899 0.960294 0.446978 -0.00663937 0.147013 0.156512 6.64942 -37.9775 12.7209 -6.0337 -1.75295 1.40515 -0.00047081 0.000890089 -0.000688242 0.00203813 0.00317825 -9.98062e-05 
0.3 0.997381 0.0462845 0.0317295 0.0456229 -0.309016 0.951057 0.45399 -0.119882 0.367 0.268168 8.17775 -36.9274 12.927 -5.97567 -1.94161 1.39959 -0.000426234 0.000837307 -0.000709179 0.0025751 0.00239048 0.000111456 
0.305 0.997336 0.0461618 0.0322384 0.0463852 -0.338737 0.940881 0.460974 0.166445 0.288225 0.0663581 9.5632 -37.22 12.6063 -5.91173 -2.12835 1.39395 -0.000503456 0.00080728 -0.000725205 0.00321615 0.00236392 1.50384e-05 
0.31 0.997289 0.0460372 0.0327462 0.0471475 -0.368124 0.929777 0.46793 -0.368909 0.723683 0.284893 10.2272 -36.4285 13.0688 -5.84196 -2.31299 1.38822 -0.000392548 0.000912203 -0.000641308 0.00241592 0.0031686 -0.000323905 
0.315 0.997242 0.0459106 0.0332531 0.04791 -0.397147 0.917755 0.474856 -0.366924 0.660585 0.249212 11.4646 -36.1726 12.7307 -5.76642 -2.49535 1.3824 -0.000332026 0.000833105 -0.000709957 0.000799202 0.00344624 -0.00157633 
0.32 0.997194 0.0457821 0.033759 0.0486726 -0.425778 0.904827 0.481753 0.126297 0.569785 0.648761 12.2652 -36.6478 12.6634 -5.6852 -2.67524 1.3765 -0.000457056 0.000782195 -0.000669145 0.00107204 0.00345689 -0.00089089 
0.325 0.997145 0.0456517 0.0342638 0.0494353 -0.45399 0.891007 0.488621 -0.399796 0.445954 0.0686302 13.5399 -35.8084 12.6719 -5.59836 -2.8525 1.37051 -0.000514578 0.000770077 -0.000699048 0.00172885 0.00366842 0.000219689 
0.33 0.997095 0.0455194 0.0347676 0.050198 -0.481753 0.876307 0.495458 -0.254135 0.113986 0.342923 14.9414 -35.2937 12.7843 -5.506 -3.02694 1.36444 -0.00078181 0.000707546 -0.000796772 0.000740471 0.00281361 0.000290187 
0.335 0.997045 0.0453852 0.0352703 0.0509609 -0.50904 0.860743 0.502265 0.0751837 0.0796559 0.149549 16.0212 -34.7394 13.1823 -5.40821 -3.1984 1.35829 -0.0007422 0.000739834 -0.000753032 0.000549333 0.00277738 0.00121684 
0.34 0.996994 0.045249 0.0357719 0.0517239 -0.535826 0.844329 0.509041 -0.18827 0.0997436 0.369101 17.375 -34.2918 13.2972 -5.30507 -3.36669 1.35205 -0.000846674 0.000637247 -0.000601963 0.000419961 0.00358891 0.00102091 
0.345 0.996943 0.045111 0.0362725 0.0524869 -0.562082 0.827081 0.515786 -0.372859 0.1193 0.040955 17.7826 -34.2991 12.475 -5.1967 -3.53167 1.34573 -0.000857637 0.000626451 -0.000600938 0.000447405 0.00335138 0.00180699 
0.35 0.99689 0.0449711 0.036772 0.0532501 -0.587784 0.809018 0.522498 -0.335927 -0.0798305 0.262602 19.3582 -33.5241 12.9419 -5.08321 -3.69316 1.33932 -0.000778689 0.000602828 -0.000615442 0.000611561 0.00426416 0.000703624 
0.355 0.996837 0.0448293 0.0372703 0.0540134 -0.612906 0.790156 0.529179 0.245523 0.347849 0.410256 19.7937 -32.6256 12.7864 -4.96469 -3.851 1.33284 -0.000732939 0.00069769 -0.000589727 0.00110722 0.00458289 0.000928196 
0.36 0.996783 0.0446856 0.0377675 0.0547767 -0.637423 0.770514 0.535827 -0.190585 -0.0744105 0.374901 21.4252 -31.8997 13.0097 -4.84128 -4.00505 1.32627 -0.000740871 0.000766055 -0.000540878 0.00075789 0.00245369 0.000656867 
0.365 0.996728 0.0445401 0.0382635 0.0555402 -0.661311 0.750112 0.542441 -0.374678 0.575042 0.381112 21.693 -31.1159 13.3332 -4.71309 -4.15514 1.31962 -0.000620004 0.000623923 -0.000471967 0.00155727 0.00221399 0.00066378 
0.37 0.996673 0.0443926 0.0387584 0.0563038 -0.684546 0.72897 0.549023 -0.369792 -0.00498627 0.664414 23.1086 -30.3367 12.5468 -4.58025 -4.30113 1.31288 -0.000601599 0.000477901 -0.000408705 0.00023026 0.00239808 0.000861702 
0.375 0.996617 0.0442433 0.0392521 0.0570675 -0.707106 0.707108 0.55557 0.208025 0.737687 0.157122 23.7149 -30.0303 12.9306 -4.44289 -4.44288 1.30607 -0.000569678 0.000512068 -0.00029935 -0.000105431 0.00290043 0.000584387 
0.38 0.99656 0.0440922 0.0397446 0.0578313 -0.728968 0.684548 0.562083 -0.248971 -0.0221318 0.821671 25.0855 -28.9932 13.0302 -4.30114 -4.58024 1.29918 -0.000464232 0.000437625 -0.00022488 -9.43074e-05 0.00274819 0.00119486 
0.385 0.996502 0.0439392 0.0402359 0.0585952 -0.75011 0.661313 0.568562 -0.199145 0.252622 0.0238262 25.5868 -28.6946 13.0453 -4.15515 -4.71308 1.2922 -0.00053491 0.000598192 -0.000261393 0.000812777 0.00218128 0.0014953 
0.39 0.996444 0.0437843 0.040726 0.0593592 -0.770512 0.637425 0.575005 -0.155226 0.216996 -0.137052 25.5748 -27.7419 13.153 -4.00506 -4.84127 1.28515 -0.000588119 0.000607587 -0.000215263 0.00146309 0.00193618 0.00109474 
0.395 0.996385 0.0436277 0.0412149 0.0601233 -0.790154 0.612908 0.581413 -0.143137 0.0218333 0.149412 26.978 -27.1711 13.4978 -3.85102 -4.96468 1.27801 -0.000651424 0.000490747 -0.000283163 0.000599831 0.00240431 0.00022302 
0.4 0.996325 0.0434691 0.0417024 0.0608876 -0.809016 0.587786 0.587785 0.0349954 0.062423 0.46676 27.7732 -26.1591 13.4157 -3.69317 -5.0832 1.2708 -0.000700662 0.000474404 -0.000265873 0.00173502 0.00151124 -0.00117716 
0.405 0.996265 0.0433088 0.0421887 0.061652 -0.82708 0.562085 0.594121 -0.024835 0.339423 0.103461 28.7744 -25.1074 12.8268 -3.53168 -5.1967 1.26351 -0.000725933 0.000488401 -0.000205097 0.00317279 0.00311343 -0.000610727 
0.41 0.996204 0.0431466 0.0426738 0.0624164 -0.844327 0.535828 0.60042 0.260303 0.450292 0.214857 29.3517 -24.2928 13.2218 -3.36671 -5.30506 1.25614 -0.00069046 0.000584228 -0.000173872 0.00371811 0.00261243 -0.00131782 
0.415 0.996142 0.0429826 0.0431575 0.063181 -0.860741 0.509043 0.606682 0.0696163 0.214391 0.497484 30.0541 -23.0923 12.8207 -3.19841 -5.4082 1.2487 -0.00053931 0.000668602 -0.000162282 0.00407664 0.00328757 -0.000365489 
0.42 0.996079 0.0428168 0.0436399 0.0639457 -0.876306 0.481755 0.612907 -0.146697 0.165615 -0.0625828 31.0573 -22.3176 12.7296 -3.02696 -5.50599 1.24117 -0.000557364 0.000729535 -0.000119754 0.00384154 0.00318373 -0.000967718 
0.425 0.996016 0.0426492 0.044121 0.0647106 -0.891006 0.453992 0.619094 -0.165273 0.277696 0.616909 31.3778 -21.3437 12.7464 -2.85252 -5.59835 1.23357 -0.000522619 0.000921723 -8.11683e-05 0.0040876 0.00288853 -0.001294 
0.43 0.995951 0.0424798 0.0446007 0.0654755 -0.904826 0.425781 0.625242 -0.0628599 0.559932 0.0992663 32.6932 -20.3473 12.8257 -2.67526 -5.68519 1.2259 -0.000524459 0.00102176 5.621e-05 0.00415721 0.00174832 -0.00205592 
0.435 0.995887 0.0423086 0.0450791 0.0662406 -0.917754 0.397149 0.631352 0.0295773 0.0703713 0.210618 33.4111 -19.6745 12.7719 -2.49536 -5.76642 1.21815 -0.000460951 0.000902127 -1.95546e-05 0.00411674 0.00163285 -0.00179809 
0.44 0.995821 0.0421356 0.0455561 0.0670058 -0.929776 0.368126 0.637424 -0.0292905 0.33062 0.08443 33.553 -18.2548 12.6199 -2.313 -5.84195 1.21032 -0.000314089 0.00087198 -0.000113643 0.00371512 0.00180964 -0.00149612 
0.445 0.995755 0.0419609 0.0460318 0.0677711 -0.94088 0.33874 0.643456 0.254531 0.213885 0.0681134 33.9854 -17.2213 13.1181 -2.12836 -5.91172 1.20242 -0.00029086 0.00089985 -0.000100328 0.00349365 0.000966832 -0.00189821 
0.45 0.995688 0.0417844 0.046506 0.0685365 -0.951056 0.309019 0.649448 -0.118623 0.365696 0.345243 34.4861 -15.9096 13.2132 -1.94162 -5.97566 1.19444 -0.000197663 0.000819472 -8.53445e-05 0.00289418 0.000853088 -0.00314435 
0.455 0.99562 0.0416061 0.0469788 0.069302 -0.960293 0.278993 0.6554 -0.188746 -0.116429 0.153677 35.101 -15.2367 12.3429 -1.75296 -6.0337 1.18639 -0.000233082 0.000733009 -0.00012213 0.00299865 0.00192679 -0.00421324 
0.46 0.995552 0.041426 0.0474502 0.0700677 -0.968583 0.248692 0.661312 0.0684592 0.011222 0.0986896 35.3763 -14.0243 12.8287 -1.56258 -6.08578 1.17827 -0.000104039 0.000817768 -0.000152025 0.00393111 0.00177282 -0.00454956 
0.465 0.995482 0.0412442 0.0479201 0.0708335 -0.975916 0.218145 0.667182 -0.14631 0.366913 0.373549 35.4455 -13.3369 12.4852 -1.37065 -6.13186 1.17008 -0.000150936 0.000991891 -0.000102981 0.0045975 0.00300679 -0.0054159 
0.47 0.995413 0.0410607 0.0483886 0.0715995 -0.982287 0.187383 0.673012 0.0307067 0.289941 0.192438 36.672 -11.9272 12.6132 -1.17736 -6.17189 1.16181 -0.000222509 0.0010751 -0.00016652 0.00536331 0.00349034 -0.00472613 
0.475 0.995342 0.0408754 0.0488556 0.0723655 -0.987688 0.156436 0.6788 -0.0710865 0.183176 0.757459 36.9213 -10.7256 12.5866 -0.982919 -6.20583 1.15347 -0.000186911 0.00109814 -0.000159198 0.00535029 0.00272036 -0.00460524 
0.48 0.995271 0.0406884 0.0493211 0.0731317 -0.992114 0.125335 0.684547 -0.0985832 -0.11794 0.595755 37.0707 -10.1815 12.2891 -0.787504 -6.23364 1.14506 -0.000214831 0.00111137 -0.000112961 0.00551261 0.00152675 -0.00423452 
0.485 0.995199 0.0404996 0.0497852 0.073898 -0.995562 0.0941103 0.690251 -0.176263 -0.221736 0.284062 37.8566 -8.9976 12.0302 -0.591312 -6.2553 1.13658 -0.000249414 0.00116221 -0.000135325 0.00526988 0.00215632 -0.00419104 
0.49 0.995126 0.0403092 0.0502477 0.0746645 -0.998027 0.0627925 0.695912 0.121186 0.198586 0.101032 37.7225 -7.51878 12.2568 -0.394537 -6.27079 1.12803 -0.00030491 0.00113868 5.24514e-06 0.00449751 0.00207101 -0.00514097 
0.495 0.995052 0.040117 0.0507087 0.075431 -0.999506 0.0314128 0.701531 -0.26123 0.53102 0.554632 38.1224 -6.04262 12.0682 -0.197372 -6.28008 1.11941 -0.000356457 0.00116671 -6.696e-05 0.00434445 0.00279137 -0.005947 
0.5 0.994978 0.0399231 0.0511681 0.0761977 -1 2.05979e-06 0.707106 0.125999 0.0418649 0.0307645 38.0756 -5.24316 12.3107 -1.2942e-05 -6.28319 1.11072 -0.000244246 0.0010895 -9.93877e-05 0.00383761 0.00194987 -0.00736559 
0.505 0.994903 0.0397276 0.051626 0.0769646 -0.999507 -0.0314089 0.712638 0.0178287 -0.0228724 0.494915 38.2201 -3.88747 12.092 0.197348 -6.28009 1.10196 -0.000333563 0.0012306 -0.000166332 0.00453079 0.0022728 -0.00667528 
0.51 0.994828 0.0395303 0.0520823 0.0777316 -0.998027 -0.0627886 0.718126 -0.475308 0.27276 0.249189 38.3923 -3.09467 12.408 0.394512 -6.27079 1.09314 -0.000289098 0.00119055 -0.000173039 0.00655356 0.00212809 -0.0063926 
0.515 0.994752 0.0393314 0.052537 0.0784987 -0.995562 -0.0941064 0.723569 0.163707 0.000769126 0.176928 38.048 -1.80444 11.9328 0.591288 -6.2553 1.08424 -0.000379755 0.00127365 -0.000176236 0.00620492 0.00204645 -0.00585051 
0.52 0.994675 0.0391308 0.0529902 0.0792659 -0.992115 -0.125331 0.728968 -0.220983 0.442719 0.497699 38.3958 -0.529354 11.8966 0.78748 -6.23364 1.07528 -0.000380527 0.00128829 -0.000209003 0.00681144 0.00103865 -0.00708661 
0.525 0.994597 0.0389285 0.0534417 0.0800333 -0.987689 -0.156432 0.734322 -0.303059 0.0840857 0.416261 38.565 0.551548 11.8077 0.982894 -6.20583 1.06626 -0.000443406 0.00136098 -0.000316148 0.00661304 0.000117375 -0.00831113 
0.53 0.994519 0.0387246 0.0538916 0.0808008 -0.982288 -0.187379 0.739631 0.300037 0.0440416 0.102439 38.2807 1.98779 12.0485 1.17734 -6.1719 1.05717 -0.000351804 0.00124662 -0.000331615 0.00726621 -0.000629372 -0.00929537 
0.535 0.99444 0.038519 0.0543399 0.0815684 -0.975917 -0.218141 0.744894 -0.0913772 0.270358 0.199825 38.6444 3.33497 11.9781 1.37062 -6.13187 1.04801 -0.000218465 0.00117232 -0.000296856 0.00576595 -0.000798647 -0.00906709 
0.54 0.99436 0.0383118 0.0547865 0.0823362 -0.968584 -0.248688 0.750111 0.344696 0.225372 0.231578 38.7256 4.0204 11.2604 1.56255 -6.08579 1.03879 -0.000147857 0.00117745 -0.000195584 0.00574882 -0.00035277 -0.00890249 
0.545 0.994279 0.038103 0.0552314 0.0831041 -0.960294 -0.278989 0.755281 -0.176268 0.0665615 0.590191 37.9437 5.4699 11.7353 1.75294 -6.03371 1.0295 -0.000252903 0.001141 -0.000241727 0.00649798 -0.000688032 -0.0087848 
0.55 0.994198 0.0378925 0.0556747 0.0838722 -0.951057 -0.309015 0.760406 0.0613092 -0.0238054 0.402301 38.5014 6.26015 11.1633 1.9416 -5.97567 1.02015 -0.00029794 0.00102917 -0.000259553 0.00634417 -0.00161226 -0.00850302 
0.555 0.994116 0.0376804 0.0561163 0.0846404 -0.940882 -0.338736 0.765483 0.00364176 0.127312 0.387033 37.6691 7.5889 11.7522 2.12834 -5.91173 1.01074 -0.000385608 0.000993509 -0.0002148 0.0067853 -0.00134718 -0.00749198 
0.56 0.994034 0.0374667 0.0565561 0.0854087 -0.929777 -0.368122 0.770513 0.404681 0.517158 0.206262 37.5813 8.25737 11.295 2.31298 -5.84196 1.00126 -0.000407506 0.000989074 -0.000182123 0.00534164 -0.000450961 -0.00768967 
0.565 0.99395 0.0372514 0.0569943 0.0861772 -0.917756 -0.397146 0.775495 -0.0932211 0.0921059 0.270877 37.6282 10.1238 11.027 2.49534 -5.76643 0.991727 -0.000500652 0.0010266 -0.000188832 0.00531251 1.33119e-06 -0.00757201 
0.57 0.993866 0.0370345 0.0574307 0.0869458 -0.904828 -0.425777 0.78043 -0.436088 0.121695 0.381238 37.0375 11.2809 11.1225 2.67524 -5.6852 0.98213 -0.000672161 0.000959819 -0.000114438 0.00547088 5.93133e-05 -0.00701818 
0.575 0.993782 0.036816 0.0578654 0.0877145 -0.891008 -0.453988 0.785317 0.142977 0.00848863 0.386856 36.5989 12.2143 11.4463 2.85249 -5.59837 0.972471 -0.000731396 0.00104746 -0.000149359 0.00635011 0.000369051 -0.00629473 
0.58 0.993696 0.036596 0.0582983 0.0884834 -0.876308 -0.481752 0.790155 0.156723 -0.0104098 0.0226931 36.263 13.3438 10.5156 3.02693 -5.506 0.962753 -0.00069789 0.0010901 -0.000111341 0.00684583 0.00067422 -0.00470662 
0.585 0.99361 0.0363743 0.0587295 0.0892525 -0.860743 -0.509039 0.794944 -0.39513 0.301145 0.245917 36.2794 14.6994 10.696 3.19839 -5.40821 0.952975 -0.000730367 0.00108606 -0.000263117 0.00624351 0.000518952 -0.00462212 
0.59 0.993524 0.0361512 0.0591588 0.0900216 -0.844329 -0.535825 0.799684 0.0164455 -0.00957288 0.48238 35.4239 15.4151 10.5279 3.36669 -5.30508 0.943139 -0.000690855 0.00109813 -0.000223587 0.00662737 0.00190646 -0.00454533 
0.595 0.993436 0.0359264 0.0595864 0.090791 -0.827082 -0.562081 0.804375 -0.509315 0.167698 0.539493 35.1134 17.0401 10.2724 3.53166 -5.19671 0.933244 -0.000646652 0.00116561 -0.0001511 0.00704608 0.00122915 -0.00491483 
0.6 0.993348 0.0357001 0.0600122 0.0915604 -0.809018 -0.587783 0.809017 0.0445167 -0.138469 0.0809511 34.438 17.6137 10.2912 3.69315 -5.08321 0.923292 -0.000591801 0.00118133 -0.000170268 0.00668577 0.00154865 -0.00452306 
0.605 0.993259 0.0354723 0.0604361 0.09233 -0.790157 -0.612905 0.813608 -0.351865 0.218318 0.130466 34.1203 18.678 10.1305 3.851 -4.9647 0.913282 -0.000667133 0.00120726 -0.000228615 0.00716597 0.000277614 -0.00371506 
0.61 0.99317 0.035243 0.0608582 0.0930998 -0.770515 -0.637422 0.818149 -0.19312 0.340379 0.372425 33.5803 19.5675 10.117 4.00504 -4.84129 0.903217 -0.000710099 0.00127083 -0.000168222 0.00656981 -0.000474175 -0.00420426 
0.615 0.99308 0.0350121 0.0612785 0.0938697 -0.750113 -0.66131 0.82264 0.285204 0.0853568 0.28464 32.8664 21.2384 9.81318 4.15513 -4.7131 0.893096 -0.000751692 0.00127712 -0.00022273 0.00583108 0.000199133 -0.00520403 
0.62 0.992989 0.0347797 0.0616969 0.0946397 -0.72897 -0.684545 0.82708 -0.0482112 0.510321 0.454358 32.4782 21.7927 9.89935 4.30112 -4.58026 0.882919 -0.000700815 0.00125317 -0.000235695 0.00542469 -0.000402499 -0.00449095 
0.625 0.992898 0.0345459 0.0621134 0.0954099 -0.707109 -0.707105 0.831469 0.0840823 0.551891 0.364116 32.1906 22.375 10.065 4.44287 -4.44289 0.872689 -0.000681788 0.00128555 -0.000257937 0.00463428 -0.000689383 -0.00356248 
0.63 0.992805 0.0343105 0.0625281 0.0961802 -0.684549 -0.728967 0.835807 -0.212911 0.21302 0.322302 30.8417 23.3906 9.41702 4.58023 -4.30115 0.862404 -0.000714447 0.00139007 -0.000238758 0.00396756 0.000178698 -0.00449474 
0.635 0.992712 0.0340737 0.0629408 0.0969507 -0.661314 -0.750109 0.840093 -0.451826 0.050846 -0.199364 29.9261 24.6178 9.78773 4.71308 -4.15516 0.852066 -0.000555053 0.00150855 -0.000282779 0.00298554 0.000292289 -0.00421834 
0.64 0.992619 0.0338353 0.0633517 0.0977213 -0.637426 -0.770512 0.844328 0.213562 0.274035 0.136431 29.9151 25.368 9.54384 4.84127 -4.00507 0.841676 -0.000533893 0.00148392 -0.000314217 0.00221978 -0.000548065 -0.00373878 
0.645 0.992525 0.0335955 0.0637606 0.0984921 -0.612909 -0.790153 0.84851 0.029528 -0.00056696 0.371605 29.3045 26.1507 9.14801 4.96468 -3.85102 0.831233 -0.000669339 0.00150325 -0.000336478 0.00317374 -0.000944166 -0.0029183 
0.65 0.99243 0.0333543 0.0641676 0.099263 -0.587787 -0.809015 0.85264 -0.193757 0.305422 0.247924 28.3063 27.8345 9.3404 5.08319 -3.69318 0.82074 -0.000749276 0.00145711 -0.000256741 0.00323378 -0.00193266 -0.00170537 
0.655 0.992334 0.0331116 0.0645726 0.100034 -0.562086 -0.827079 0.856717 -0.344579 0.157047 0.433879 26.8996 28.0001 9.29594 5.19669 -3.53169 0.810196 -0.000613179 0.00144923 -0.000129475 0.00152547 -0.00144591 -0.00222902 
0.66 0.992238 0.0328675 0.0649757 0.100805 -0.535829 -0.844326 0.860742 -0.362121 0.483208 0.620695 26.2089 29.0223 8.85797 5.30506 -3.36671 0.799601 -0.000576993 0.00150011 -6.15813e-05 0.00147229 -0.00067399 -0.00251341 
0.665 0.992141 0.0326219 0.0653768 0.101577 -0.509044 -0.860741 0.864713 -0.0819674 0.113276 0.55134 25.4932 30.078 8.78606 5.40819 -3.19842 0.788958 -0.000484785 0.00142896 -9.43196e-05 0.00124669 -0.000373943 -0.00165633 
0.67 0.992043 0.032375 0.0657759 0.102348 -0.481756 -0.876305 0.868631 -0.193157 0.232089 0.56611 24.252 31.1707 8.62852 5.50599 -3.02696 0.778266 -0.000424979 0.00150198 -0.000115245 0.00167249 0.000595947 -0.00226782 
0.675 0.991945 0.0321266 0.066173 0.10312 -0.453993 -0.891005 0.872496 -0.180895 0.429528 0.480017 23.5286 30.9202 8.40893 5.59835 -2.85252 0.767525 -0.000422603 0.00151196 -0.000180314 0.00330655 0.000581533 -0.00242315 
0.68 0.991846 0.0318768 0.0665682 0.103891 -0.425782 -0.904826 0.876306 0.036865 0.319532 0.157086 23.2708 31.5493 7.90885 5.68519 -2.67527 0.756738 -0.00042449 0.00142835 -0.000220569 0.00305751 -0.000320659 -0.00283164 
0.685 0.991747 0.0316256 0.0669613 0.104663 -0.397151 -0.917753 0.880063 -0.0538458 -0.00472776 -0.0918936 21.9466 32.5785 8.03645 5.76641 -2.49537 0.745904 -0.00030016 0.00134349 -2.705e-05 0.00245933 -0.000512462 -0.00312248 
0.69 0.991646 0.0313731 0.0673523 0.105435 -0.368127 -0.929775 0.883765 -0.607628 0.21758 0.0753849 21.0976 33.6126 8.14429 5.84195 -2.31301 0.735023 -0.000402667 0.00146215 2.25054e-05 0.00203338 -0.00103432 -0.00267951 
0.695 0.991546 0.0311192 0.0677414 0.106208 -0.338741 -0.94088 0.887413 -0.219335 0.237248 0.246008 19.9146 34.2465 7.52957 5.91172 -2.12837 0.724098 -0.000411141 0.00151286 -7.23254e-05 0.00253156 -0.00101989 -0.00330451 
0.7 0.991444 0.0308639 0.0681284 0.10698 -0.30902 -0.951056 0.891006 -0.514775 0.142701 0.072197 18.8508 34.5172 7.40151 5.97566 -1.94163 0.713128 -0.000464777 0.00137612 -8.02308e-06 0.00267599 -0.000591962 -0.00376213 
0.705 0.991342 0.0306072 0.0685133 0.107753 -0.278994 -0.960293 0.894544 -0.290494 0.515181 0.374784 17.9648 34.9784 6.97907 6.0337 -1.75297 0.702113 -0.000459225 0.00131156 9.76999e-06 0.00241919 -0.000251888 -0.00400179 
0.71 0.991239 0.0303492 0.0688961 0.108525 -0.248693 -0.968582 0.898027 0.159378 -0.218724 0.458519 17.3463 35.8031 7.12582 6.08578 -1.56258 0.691056 -0.000403052 0.00131665 3.84739e-05 0.00178789 0.000311758 -0.0033712 
0.714999 0.991135 0.0300899 0.0692769 0.109298 -0.218146 -0.975916 0.901455 -0.118691 0.456225 0.495532 15.6832 36.197 6.81398 6.13186 -1.37065 0.679956 -0.000268014 0.00136814 -2.98389e-05 0.00297893 4.1765e-07 -0.0041195 
0.719999 0.991031 0.0298293 0.0696555 0.110071 -0.187384 -0.982287 0.904827 0.253977 0.184443 0.508909 14.8803 37.3532 6.84856 6.17189 -1.17737 0.668814 -0.000261987 0.00135984 2.60327e-05 0.00272503 -0.000393874 -0.0035464 
0.724999 0.990926 0.0295673 0.0700321 0.110844 -0.156438 -0.987688 0.908143 0.0640846 0.0459393 -0.0497864 13.5905 37.1676 6.51731 6.20583 -0.982927 0.65763 -0.000207925 0.00136863 8.75254e-05 0.00232414 -0.000634177 -0.00231588 
0.729999 0.990821 0.0293041 0.0704065 0.111617 -0.125336 -0.992114 0.911403 -0.110997 0.260429 0.315681 12.57 37.8674 6.41189 6.23364 -0.787512 0.646406 -0.000274764 0.0013481 -4.91157e-05 0.00112169 -0.00168594 -0.0018451 
0.734999 0.990715 0.0290395 0.0707788 0.112391 -0.0941116 -0.995562 0.914607 -0.47125 -0.171698 0.450467 11.8776 37.9136 6.36996 6.2553 -0.59132 0.635143 -0.000291733 0.00123532 -2.19978e-05 0.00147025 -0.000810317 -0.00151528 
0.739999 0.990608 0.0287737 0.071149 0.113164 -0.0627938 -0.998027 0.917754 -0.486513 0.0237823 -0.203725 10.5412 38.629 6.02512 6.27079 -0.394545 0.62384 -0.000253378 0.00119142 -5.69513e-05 0.0019887 -0.000629202 -0.00136696 
0.744999 0.9905 0.0285066 0.071517 0.113938 -0.0314141 -0.999506 0.920845 0.0535251 0.540959 -0.0206224 9.37858 38.4383 5.56573 6.28008 -0.197381 0.612498 -0.00038793 0.00117138 -8.9058e-05 0.00217559 0.00106835 -0.00233021 
0.749999 0.990392 0.0282382 0.0718828 0.114712 -3.37056e-06 -1 0.923879 0.0497466 0.213349 0.406074 7.82714 38.6562 5.49864 6.28319 -2.11779e-05 0.601119 -0.000333239 0.00107004 -0.000118552 0.00282061 0.00098115 -0.00170507 
0.754999 0.990283 0.0279686 0.0722464 0.115486 0.0314074 -0.999507 0.926856 -0.0912503 0.0877428 0.0184393 6.60125 39.383 6.31299 6.28009 0.197338 0.589703 -0.000329077 0.00117246 -0.00014127 0.00250645 0.000419645 -0.00252867 
0.759999 0.990174 0.0276977 0.0726079 0.11626 0.0627871 -0.998027 0.929776 -0.298445 0.20911 0.632798 6.19469 39.591 5.37653 6.27079 0.394503 0.57825 -0.000457079 0.00122994 -0.000251351 0.00224338 0.00118799 -0.00446808 
0.764999 0.990064 0.0274256 0.0729672 0.117034 0.0941049 -0.995562 0.932639 -0.0403757 0.610205 0.381475 4.75451 39.0598 5.51156 6.2553 0.591278 0.566762 -0.000624884 0.00118744 -0.000314731 0.00226607 0.00140202 -0.00524032 
0.769999 0.989953 0.0271522 0.0733242 0.117809 0.12533 -0.992115 0.935444 -0.351119 -0.260557 0.458072 3.53677 39.8324 5.47968 6.23364 0.78747 0.555238 -0.000535722 0.00117583 -0.000197362 0.00194015 0.00109353 -0.00551683 
0.774999 0.989842 0.0268777 0.0736791 0.118583 0.156431 -0.987689 0.938191 -0.0648489 0.156066 0.159024 2.55995 40.4391 5.48524 6.20583 0.982885 0.543681 -0.000438443 0.00108049 -0.000252297 0.00196521 0.00135437 -0.00555516 
0.779999 0.98973 0.0266019 0.0740317 0.119358 0.187378 -0.982288 0.94088 -0.185814 0.503972 0.581252 0.872894 40.4455 5.05258 6.1719 1.17733 0.53209 -0.000582776 0.00111146 -0.000364526 0.00173857 0.00103651 -0.00733173 
0.784999 0.989617 0.026325 0.0743821 0.120133 0.21814 -0.975918 0.943512 -0.270105 0.284175 0.307204 -0.151738 40.199 5.11162 6.13187 1.37061 0.520466 -0.000641323 0.00112539 -0.000310536 0.00103523 -6.84239e-05 -0.00689906 
0.789999 0.989504 0.0260469 0.0747302 0.120908 0.248686 -0.968584 0.946085 -0.0662194 0.339451 0.329519 -0.99 39.9935 4.63382 6.08579 1.56254 0.50881 -0.000616881 0.00100326 -0.000464448 0.000723823 0.000671992 -0.00632547 
0.794999 0.98939 0.0257676 0.0750761 0.121683 0.278988 -0.960295 0.9486 -0.0423992 -0.00371015 0.196161 -2.26268 39.7486 4.74023 6.03371 1.75293 0.497122 -0.000690007 0.00101894 -0.000535965 0.00100001 0.000865862 -0.00688961 
0.799999 0.989276 0.0254871 0.0754197 0.122458 0.309014 -0.951058 0.951056 0.193892 0.200002 0.280412 -3.25719 39.8076 3.99086 5.97567 1.94159 0.485404 -0.000603026 0.000987614 -0.000589368 0.000659352 0.000378532 -0.00682225 
0.804999 0.98916 0.0252055 0.075761 0.123234 0.338734 -0.940882 0.953454 -0.151479 0.302373 0.252845 -5.06671 39.5856 4.2232 5.91174 2.12833 0.473656 -0.000538827 0.000971836 -0.00055557 0.00234119 0.0016553 -0.00666299 
0.809999 0.989045 0.0249228 0.0761 0.124009 0.368121 -0.929778 0.955793 -0.338564 0.140371 0.333804 -5.81154 39.3037 3.4987 5.84197 2.31297 0.461879 -0.00062617 0.000986922 -0.000560028 0.00315332 0.00114954 -0.00728155 
0.814999 0.988928 0.0246389 0.0764367 0.124785 0.397144 -0.917756 0.958073 0.0594436 0.222111 0.236311 -6.74436 38.9535 3.76751 5.76643 2.49533 0.450073 -0.00052349 0.000950181 -0.000464846 0.00377494 0.00035388 -0.00689376 
0.819999 0.988811 0.0243539 0.0767711 0.125561 0.425776 -0.904829 0.960293 -0.0885898 0.122064 0.0610698 -8.5051 39.2481 3.12639 5.68521 2.67523 0.43824 -0.000444926 0.000936136 -0.000529474 0.00300735 0.000931145 -0.00645941 
0.824999 0.988693 0.0240678 0.0771032 0.126337 0.453987 -0.891008 0.962455 -0.427167 0.0690815 0.329071 -9.2717 39.324 3.07632 5.59837 2.85249 0.426379 -0.000479538 0.000780376 -0.000651272 0.00332418 0.000739664 -0.00685597 
0.829999 0.988575 0.0237806 0.077433 0.127113 0.48175 -0.876309 0.964557 -0.234364 0.307587 0.635038 -10.3719 38.4932 3.36594 5.50601 3.02693 0.414492 -0.000427998 0.000819546 -0.000789688 0.00473336 0.000556675 -0.00801676 
0.834999 0.988456 0.0234923 0.0777604 0.127889 0.509038 -0.860744 0.9666 -0.146808 0.109671 -0.103759 -12.0899 37.9651 2.96953 5.40821 3.19838 0.40258 -0.000546718 0.000766681 -0.00077271 0.00538003 0.00132552 -0.00885009 
0.839999 0.988337 0.0232029 0.0780855 0.128666 0.535823 -0.84433 0.968583 -0.321182 0.260013 0.642074 -13.2743 37.9711 2.35665 5.30508 3.36668 0.390643 -0.000564504 0.000907014 -0.00083502 0.00515015 0.00211054 -0.00946934 
0.844999 0.988216 0.0229125 0.0784082 0.129442 0.56208 -0.827083 0.970506 -0.263035 -0.0519653 0.456158 -13.7415 37.5334 2.92602 5.19671 3.53165 0.378681 -0.000583485 0.000878843 -0.000986167 0.00457548 0.00260285 -0.00962298 
0.849999 0.988096 0.022621 0.0787285 0.130219 0.587782 -0.809019 0.97237 -0.141811 0.303696 -0.116679 -14.8231 36.844 2.83903 5.08322 3.69314 0.366697 -0.000493671 0.000999695 -0.000900987 0.00542026 0.00247346 -0.00950265 
0.854999 0.987974 0.0223285 0.0790465 0.130996 0.612904 -0.790157 0.974173 -0.226249 0.0620616 0.384293 -15.8512 37.1773 2.5073 4.96471 3.85099 0.354689 -0.000426169 0.00104715 -0.000959457 0.00462727 0.00295275 -0.00937568 
0.859999 0.987852 0.0220349 0.0793621 0.131773 0.637421 -0.770516 0.975917 -0.0493756 0.0682674 0.437145 -16.8095 36.1387 2.93094 4.84129 4.00503 0.34266 -0.000462849 0.00118175 -0.000894867 0.00416739 0.00442278 -0.00931474 
0.864999 0.98773 0.0217403 0.0796752 0.13255 0.661309 -0.750114 0.9776 0.0715369 0.159175 0.471291 -18.2776 36.0136 2.22828 4.7131 4.15513 0.33061 -0.000522206 0.00119344 -0.000857149 0.0042761 0.00467843 -0.00946433 
0.869999 0.987606 0.0214448 0.079986 0.133327 0.684544 -0.728971 0.979223 -0.299122 -0.134093 0.473387 -19.691 35.1007 2.25229 4.58026 4.30112 0.318539 -0.000528697 0.00133497 -0.000977369 0.00367724 0.00335244 -0.00925703 
0.874999 0.987482 0.0211482 0.0802944 0.134105 0.707104 -0.70711 0.980785 -0.385926 -0.00881588 0.362457 -20.3611 34.5761 2.32645 4.4429 4.44286 0.306449 -0.000590048 0.00141459 -0.000943645 0.00430869 0.00434291 -0.00984208 
0.879999 0.987358 0.0208506 0.0806003 0.134882 0.728966 -0.68455 0.982287 0.111893 0.414206 0.235217 -20.9606 34.0656 2.07767 4.30116 4.58023 0.294339 -0.000472286 0.00144894 -0.00101813 0.00499274 0.00351187 -0.00956691 
0.884999 0.987233 0.020552 0.0809038 0.13566 0.750108 -0.661315 0.983728 -0.0993787 -0.0167223 0.179801 -22.2695 33.4851 1.56185 4.15516 4.71307 0.282212 -0.00042554 0.0014594 -0.00112966 0.0042718 0.0047798 -0.0103091 
0.889999 0.987107 0.0202525 0.0812049 0.136438 0.770511 -0.637427 0.985109 0.0674363 0.118543 0.317473 -22.5484 33.0745 1.73018 4.00507 4.84126 0.270067 -0.000480243 0.00162011 -0.00120859 0.00458097 0.00458329 -0.0104998 
0.894999 0.986981 0.019952 0.0815035 0.137216 0.790152 -0.61291 0.986429 -0.319025 0.389661 -0.189269 -24.4288 32.102 1.5718 3.85103 4.96467 0.257906 -0.000629819 0.00165149 -0.00120793 0.00544998 0.00548973 -0.009846 
0.899999 0.986854 0.0196506 0.0817996 0.137994 0.809014 -0.587789 0.987688 -0.167919 0.265366 0.45039 -24.8968 31.3943 1.74351 3.69319 5.08319 0.245728 -0.000577905 0.00170021 -0.00116037 0.00504589 0.00559282 -0.00973281 
0.904999 0.986726 0.0193483 0.0820933 0.138772 0.827078 -0.562087 0.988886 -0.160886 0.277378 0.340677 -26.3657 30.468 0.936342 3.5317 5.19669 0.233536 -0.000570709 0.00180645 -0.00115807 0.00607437 0.00517648 -0.00878615 
0.909999 0.986598 0.019045 0.0823845 0.13955 0.844326 -0.53583 0.990024 0.192215 0.117016 0.350073 -27.0747 30.0516 1.04946 3.36672 5.30505 0.221329 -0.000580153 0.00168151 -0.00111101 0.00727821 0.00570565 -0.00845992 
0.914999 0.986469 0.0187408 0.0826732 0.140329 0.86074 -0.509045 0.9911 -0.221077 -0.217026 0.194774 -28.1116 29.1813 1.18054 3.19843 5.40819 0.209108 -0.000612382 0.00171032 -0.0010044 0.0068752 0.00518472 -0.00794145 
0.919999 0.98634 0.0184357 0.0829595 0.141107 0.876305 -0.481758 0.992115 0.143599 0.159008 0.235287 -27.9936 28.1938 1.4432 3.02697 5.50598 0.196875 -0.000799808 0.00169077 -0.000859167 0.00745267 0.00479437 -0.00817278 
0.924999 0.98621 0.0181298 0.0832432 0.141886 0.891005 -0.453994 0.993068 -0.317828 0.123807 0.501185 -29.4518 27.2858 0.552192 2.85253 5.59835 0.184629 -0.000835829 0.0016593 -0.000865438 0.00761429 0.00482218 -0.00790768 
0.929999 0.986079 0.0178229 0.0835244 0.142665 0.904825 -0.425783 0.993961 -0.046245 0.424857 0.229236 -29.9979 26.5967 1.08514 2.67528 5.68518 0.172372 -0.000872385 0.00163904 -0.000816004 0.00710409 0.00491191 -0.0075928 
0.934999 0.985948 0.0175152 0.0838031 0.143444 0.917753 -0.397152 0.994792 -0.189218 -0.0164156 0.511961 -30.8606 25.5981 0.805928 2.49538 5.76641 0.160104 -0.000746604 0.00176903 -0.000850873 0.00663784 0.00432967 -0.00725234 
0.939999 0.985817 0.0172067 0.0840793 0.144223 0.929775 -0.368129 0.995562 -0.0283796 -0.262223 0.594525 -31.8182 24.5212 1.0518 2.31302 5.84195 0.147827 -0.000891989 0.00163065 -0.000825694 0.00516512 0.00449022 -0.00892824 
0.944999 0.985684 0.0168973 0.0843529 0.145002 0.940879 -0.338742 0.99627 0.0722394 0.26479 0.102306 -32.2925 23.7567 1.3133 2.12838 5.91172 0.13554 -0.000833054 0.00172898 -0.000918125 0.00511721 0.00558364 -0.00905462 
0.949999 0.985551 0.016587 0.084624 0.145782 0.951055 -0.309021 0.996917 -0.369108 0.444347 0.155256 -32.484 22.3883 0.421106 1.94164 5.97566 0.123245 -0.000984527 0.00181172 -0.000888283 0.00547202 0.0053063 -0.00849956 
0.954999 0.985418 0.016276 0.0848925 0.146561 0.960292 -0.278996 0.997503 -0.00853976 -0.244286 0.481702 -33.5593 22.065 0.52289 1.75298 6.0337 0.110942 -0.000995464 0.00176424 -0.000905492 0.0056442 0.00480032 -0.00835316 
0.959999 0.985284 0.0159641 0.0851585 0.147341 0.968582 -0.248694 0.998027 -4.48957e-05 0.180149 0.522846 -33.7948 20.9217 0.702327 1.56259 6.08578 0.0986329 -0.00105172 0.00169143 -0.000873384 0.00549911 0.00469269 -0.0089545 
0.964999 0.985149 0.0156515 0.0854219 0.14812 0.975916 -0.218148 0.998489 -0.353972 0.0752083 0.339381 -35.0789 19.4075 0.324942 1.37066 6.13186 0.0863174 -0.00107339 0.00185303 -0.000778062 0.00469144 0.00491957 -0.00902567 
0.969999 0.985014 0.0153381 0.0856828 0.1489 0.982286 -0.187386 0.99889 -0.394445 0.0737268 0.159385 -35.215 18.8755 0.689289 1.17738 6.17189 0.0739965 -0.00108287 0.00189303 -0.000813261 0.00446292 0.00557373 -0.00868908 
0.974999 0.984878 0.0150239 0.085941 0.14968 0.987688 -0.156439 0.999229 -0.115482 0.606934 0.320533 -35.7653 17.9197 0.809553 0.982936 6.20582 0.061671 -0.0010111 0.00187016 -0.000835116 0.00378742 0.00465946 -0.00761916 
0.979999 0.984741 0.0147089 0.0861967 0.15046 0.992114 -0.125338 0.999507 0.0694455 0.104052 0.00805295 -36.6906 16.9249 0.358455 0.787522 6.23364 0.0493418 -0.00102557 0.00187626 -0.000868452 0.0032518 0.00347462 -0.00885515 
0.984999 0.984604 0.0143932 0.0864498 0.15124 0.995562 -0.0941131 0.999722 -0.297756 0.114762 0.488355 -37.3159 15.5985 0.763247 0.59133 6.2553 0.0370095 -0.00105556 0.00195517 -0.000885941 0.0038823 0.00355942 -0.0098211 
0.989999 0.984467 0.0140768 0.0867003 0.152021 0.998026 -0.0627953 0.999877 -0.242259 -0.215951 0.241571 -37.575 14.1304 0.333635 0.394555 6.27078 0.0246749 -0.00105821 0.0018874 -0.000877297 0.00337424 0.00299836 -0.00991559 
0.994999 0.984328 0.0137596 0.0869481 0.152801 0.999506 -0.0314156 0.999969 -0.20173 0.177605 0.106506 -37.3259 13.4465 0.523848 0.19739 6.28008 0.0123388 -0.00106322 0.0019107 -0.000934239 0.00247169 0.00129327 -0.00906337 
0.999999 0.98419 0.0134417 0.0871934 0.153582 1 -4.86859e-06 1 -0.514725 0.272822 0.566819 -38.072 12.1626 0.582629 3.05903e-05 6.28319 1.91189e-06 -0.00110396 0.00194813 -0.000907493 0.00106061 0.00139716 -0.0099653 
1.005 0.98405 0.0131232 0.087436 0.154362 0.999507 0.0314062 0.999969 -0.435089 0.141242 0.258047 -38.6622 11.0622 0.26693 -0.197331 6.28009 -0.0123351 -0.00115116 0.00186875 -0.000858111 0.00142924 0.00228376 -0.00913048 
1.01 0.98391 0.0128039 0.087676 0.155143 0.998027 0.062786 0.999877 -0.115477 0.304911 0.193665 -39.0111 9.90039 0.420058 -0.394496 6.27079 -0.0246712 -0.00122875 0.00188025 -0.000869388 0.00125259 0.00242742 -0.00952647 
1.015 0.98377 0.012484 0.0879133 0.155924 0.995562 0.0941037 0.999722 -0.336838 -0.0232943 0.0689175 -38.9869 8.68195 0.36287 -0.591271 6.2553 -0.0370058 -0.00120556 0.00202155 -0.000886993 0.00126326 0.00222303 -0.00881558 
1.02 0.983629 0.0121634 0.088148 0.156705 0.992115 0.125329 0.999507 -0.503088 0.122021 0.212511 -38.9597 7.881 0.128657 -0.787463 6.23364 -0.0493381 -0.0012397 0.00193002 -0.000804745 0.00114545 0.00221877 -0.00789451 
1.025 0.983487 0.0118421 0.0883801 0.157486 0.987689 0.15643 0.999229 0.0428806 -0.139003 0.422721 -39.2402 6.77573 0.21609 -0.982878 6.20583 -0.0616674 -0.00129206 0.00182083 -0.000692731 0.000956555 0.000805837 -0.00723204 
1.03 0.983345 0.0115202 0.0886095 0.158267 0.982288 0.187377 0.99889 -0.122906 -0.128597 0.371108 -40.0734 5.42895 0.459986 -1.17732 6.1719 -0.0739928 -0.0012681 0.00192541 -0.000745055 0.000244603 0.00206338 -0.00812806 
1.035 0.983202 0.0111977 0.0888362 0.159048 0.975918 0.218139 0.998489 -0.106633 0.128508 0.410871 -39.7582 3.85724 0.469133 -1.37061 6.13187 -0.0863137 -0.00121771 0.00196652 -0.000722522 0.000509468 0.00366501 -0.00846685 
1.04 0.983059 0.0108746 0.0890603 0.15983 0.968584 0.248685 0.998027 -0.0720403 0.391147 0.0714831 -40.3325 3.01836 0.307485 -1.56254 6.08579 -0.0986293 -0.00113167 0.00200308 -0.000733137 0.000601002 0.00302117 -0.0092681 
1.045 0.982915 0.0105508 0.0892817 0.160611 0.960295 0.278987 0.997503 -0.723012 0.145049 0.317742 -40.092 2.17662 0.0738304 -1.75292 6.03371 -0.110939 -0.00118343 0.00210438 -0.000681441 0.00113522 0.00247244 -0.010389 
1.05 0.98277 0.0102265 0.0895004 0.161393 0.951058 0.309012 0.996917 -0.0724282 -0.133406 0.0147766 -40.3081 0.406248 0.86977 -1.94158 5.97567 -0.123241 -0.00122725 0.00214479 -0.000832254 0.00170207 0.00359989 -0.0110565 
1.055 0.982625 0.00990159 0.0897164 0.162175 0.940882 0.338733 0.99627 -0.0607881 0.305628 0.33317 -39.8829 -0.429289 0.457694 -2.12832 5.91174 -0.135536 -0.00133507 0.00221056 -0.00077362 0.00299072 0.00438103 -0.0104227 
1.06 0.98248 0.00957611 0.0899297 0.162956 0.929778 0.36812 0.995562 -0.0143142 0.226804 0.4936 -40.4634 -1.98405 0.591249 -2.31297 5.84197 -0.147823 -0.00137223 0.00221071 -0.000844411 0.00307266 0.00494616 -0.0111172 
1.065 0.982333 0.00925008 0.0901403 0.163738 0.917757 0.397143 0.994792 0.271051 0.346198 0.192806 -39.967 -2.8251 0.180172 -2.49533 5.76643 -0.160101 -0.00149514 0.00209487 -0.000861491 0.00354704 0.00540684 -0.0109354 
1.07 0.982187 0.0089235 0.0903482 0.16452 0.904829 0.425775 0.993961 -0.0506683 0.0583577 0.427082 -39.7286 -3.75169 0.864358 -2.67522 5.68521 -0.172368 -0.00150785 0.00210264 -0.000762122 0.00392675 0.00588715 -0.0113464 
1.075 0.982039 0.00859639 0.0905534 0.165302 0.891009 0.453986 0.993069 -0.511386 -0.0851945 0.162166 -40.0294 -5.38933 0.367895 -2.85248 5.59837 -0.184625 -0.00155658 0.00209125 -0.000867277 0.00353991 0.00631573 -0.0110444 
1.08 0.981891 0.00826877 0.0907559 0.166085 0.876309 0.481749 0.992115 -0.109697 0.470236 0.33312 -39.9463 -6.60018 0.842563 -3.02692 5.50601 -0.196871 -0.00144975 0.00202514 -0.000828372 0.00283186 0.00643691 -0.00946512 
1.085 0.981743 0.00794064 0.0909556 0.166867 0.860745 0.509037 0.9911 0.315499 -0.0510499 0.378069 -39.5423 -7.55839 1.01499 -3.19837 5.40822 -0.209105 -0.00134575 0.00196952 -0.000723709 0.00452909 0.00619616 -0.00925371 
1.09 0.981594 0.00761201 0.0911526 0.167649 0.844331 0.535823 0.990024 -0.185336 -0.187563 0.231465 -39.1159 -8.85253 0.884225 -3.36667 5.30509 -0.221325 -0.00147786 0.00198412 -0.000723414 0.00426281 0.00725117 -0.010059 
1.095 0.981445 0.00728291 0.0913469 0.168432 0.827083 0.562079 0.988887 -0.18443 0.0870879 0.430504 -38.8216 -9.82316 1.2903 -3.53165 5.19672 -0.233532 -0.00159316 0.00192648 -0.000692001 0.0045917 0.00583777 -0.0107638 
1.1 0.981294 0.00695333 0.0915384 0.169214 0.80902 0.587781 0.987689 0.0989129 -0.103449 0.0243743 -38.6428 -11.1179 1.05662 -3.69314 5.08322 -0.245725 -0.00144243 0.00197185 -0.000742183 0.00358418 0.00635301 -0.0104994 
1.105 0.981144 0.00662329 0.0917272 0.169997 0.790158 0.612903 0.986429 0.0176323 -0.284424 0.154053 -37.9153 -11.8689 1.6491 -3.85098 4.96471 -0.257902 -0.00137206 0.00207546 -0.0007635 0.00348608 0.00499484 -0.0112462 
1.11 0.980993 0.00629282 0.0919132 0.17078 0.770517 0.63742 0.98511 0.0223974 -0.296151 0.266993 -37.4323 -13.4964 1.43095 -4.00503 4.8413 -0.270064 -0.00141377 0.00198304 -0.000801039 0.00312499 0.00498226 -0.0105812 
1.115 0.980841 0.00596191 0.0920965 0.171562 0.750114 0.661308 0.983729 -0.373731 0.00361604 0.0045972 -37.0541 -14.3629 1.43657 -4.15512 4.71311 -0.282208 -0.0014268 0.00196525 -0.000816101 0.00286814 0.00400545 -0.0099601 
1.12 0.980689 0.00563057 0.092277 0.172345 0.728972 0.684543 0.982287 -0.108938 0.422182 -0.163878 -36.7822 -15.5129 1.04489 -4.30111 4.58027 -0.294336 -0.00138143 0.00190188 -0.000858119 0.00342504 0.00413174 -0.0108398 
1.125 0.980536 0.00529883 0.0924548 0.173128 0.70711 0.707103 0.980786 0.330843 0.727918 0.212558 -37.0006 -16.4066 1.66928 -4.44286 4.44291 -0.306445 -0.00149197 0.0018753 -0.000776099 0.00439139 0.00243091 -0.012017 
1.13 0.980383 0.0049667 0.0926297 0.173911 0.684551 0.728965 0.979223 -0.0407002 0.338629 0.113029 -36.3847 -17.5921 1.56372 -4.58022 4.30116 -0.318536 -0.00133024 0.0017846 -0.00074861 0.00314449 0.00410823 -0.0122194 
1.135 0.980229 0.00463418 0.0928019 0.174694 0.661316 0.750108 0.9776 0.0919695 -0.141893 0.182153 -35.4753 -18.4296 1.77723 -4.71306 4.15517 -0.330606 -0.00134537 0.00195984 -0.000765682 0.00382387 0.00391087 -0.0115603 
1.14 0.980074 0.0043013 0.0929713 0.175478 0.637428 0.77051 0.975917 0.122514 -0.163664 0.63906 -34.9583 -20.1086 2.40252 -4.84126 4.00508 -0.342657 -0.00125677 0.00200311 -0.000639884 0.00346997 0.00401851 -0.0112792 
1.145 0.979919 0.00396805 0.0931379 0.176261 0.612911 0.790152 0.974174 -0.157806 -0.0595641 0.384157 -33.8245 -20.7504 2.33277 -4.96467 3.85104 -0.354686 -0.0013221 0.00202726 -0.000786867 0.00532704 0.0042427 -0.0122908 
1.15 0.979764 0.00363446 0.0933018 0.177044 0.58779 0.809014 0.97237 -0.0301528 -0.136365 0.297311 -33.7028 -20.8829 2.22724 -5.08318 3.69319 -0.366693 -0.00128117 0.00190176 -0.000732334 0.00648437 0.00593146 -0.012807 
1.155 0.979608 0.00330053 0.0934628 0.177828 0.562088 0.827078 0.970507 0.0273601 -0.252119 0.272374 -33.6401 -22.4884 2.01119 -5.19668 3.5317 -0.378678 -0.00108596 0.00187354 -0.000743534 0.00476943 0.00625836 -0.0131821 
1.16 0.979451 0.00296629 0.093621 0.178611 0.535831 0.844325 0.968584 -0.071411 0.135528 0.242235 -32.2011 -23.427 2.18409 -5.30505 3.36673 -0.390639 -0.001194 0.00187545 -0.000757354 0.00497044 0.00646992 -0.0119186 
1.165 0.979294 0.00263173 0.0937765 0.179395 0.509046 0.860739 0.9666 -0.188877 0.167116 0.509368 -31.8661 -24.5738 2.49172 -5.40818 3.19843 -0.402576 -0.00129226 0.00181848 -0.000783628 0.00419196 0.00683576 -0.0124524 
1.17 0.979136 0.00229689 0.0939291 0.180178 0.481759 0.876304 0.964558 -0.383045 0.117561 -0.182612 -31.4334 -25.2599 2.98447 -5.50598 3.02698 -0.414489 -0.0013263 0.00180082 -0.000740357 0.00259 0.00513343 -0.0137935 
1.175 0.978978 0.00196175 0.0940789 0.180962 0.453995 0.891004 0.962456 -0.161166 -0.0675579 0.0845157 -29.9263 -25.9415 3.17701 -5.59834 2.85254 -0.426376 -0.00145427 0.00182089 -0.000813147 0.00307122 0.00534869 -0.0146834 
1.18 0.978819 0.00162635 0.0942258 0.181746 0.425784 0.904825 0.960294 -0.0153879 0.231567 0.159835 -29.6356 -27.4634 2.72333 -5.68518 2.67528 -0.438236 -0.00136451 0.00175002 -0.000815151 0.00292597 0.00361877 -0.0140991 
1.185 0.97866 0.00129069 0.09437 0.182529 0.397153 0.917752 0.958073 -0.0372146 0.252139 0.272743 -28.6207 -28.0064 3.45073 -5.76641 2.49539 -0.45007 -0.00137523 0.00174534 -0.00076798 0.0033788 0.00399099 -0.0155189 
1.19 0.9785 0.000954782 0.0945113 0.183313 0.36813 0.929774 0.955793 -0.199352 0.253982 0.20651 -28.0851 -28.7548 3.49166 -5.84194 2.31303 -0.461875 -0.00147651 0.00172288 -0.000681665 0.00506423 0.00527413 -0.0160798 
1.195 0.97834 0.000618642 0.0946498 0.184097 0.338743 0.940879 0.953455 0.01537 -0.071177 0.433721 -27.1704 -29.3649 3.24665 -5.91172 2.12839 -0.473653 -0.00158621 0.00167559 -0.000858032 0.00493063 0.00619984 -0.0170812 
1.2 0.978179 0.000282282 0.0947855 0.184881 0.309022 0.951055 0.951057 -0.0833167 -0.178023 0.486473 -26.1007 -30.5194 4.36396 -5.97565 1.94165 -0.485401 -0.0015545 0.00163511 -0.000907104 0.00443281 0.0069557 -0.0174854 
1.205 0.978018 -5.42855e-05 0.0949184 0.185665 0.278997 0.960292 0.948601 -0.0116976 0.313172 0.323126 -24.8326 -31.2654 3.5819 -6.03369 1.75299 -0.497119 -0.0015886 0.00157877 -0.000966426 0.00344757 0.00693134 -0.0174294 
1.21 0.977856 -0.000391049 0.0950483 0.186449 0.248695 0.968582 0.946086 -0.0727578 0.39033 -0.0703307 -24.2829 -31.5809 4.4895 -6.08578 1.5626 -0.508806 -0.00168599 0.00160223 -0.000967239 0.0035734 0.00676344 -0.0180964 
1.215 0.977694 -0.000727995 0.0951755 0.187233 0.218149 0.975916 0.943513 -0.148718 0.322413 0.696739 -22.9414 -32.2123 4.03068 -6.13186 1.37067 -0.520462 -0.00162583 0.00161982 -0.000946485 0.00430922 0.00731547 -0.0193966 
1.22 0.977531 -0.00106511 0.0952998 0.188017 0.187387 0.982286 0.940881 -0.419644 0.166096 0.0119757 -22.5121 -32.8691 4.50385 -6.17189 1.17739 -0.532086 -0.00168446 0.00171455 -0.00102299 0.00321385 0.0075382 -0.0193862 
1.225 0.977367 -0.00140238 0.0954213 0.188801 0.15644 0.987687 0.938192 0.0441843 -0.45162 0.528047 -21.1846 -33.756 3.87969 -6.20582 0.982943 -0.543677 -0.0017155 0.00176799 -0.00098728 0.00303915 0.00824311 -0.0199394 
1.23 0.977203 -0.0017398 0.0955399 0.189586 0.125339 0.992114 0.935445 0.100161 0.203369 0.561214 -20.1404 -34.1054 4.69684 -6.23364 0.787529 -0.555235 -0.00170799 0.0017381 -0.00100431 0.00208245 0.00799551 -0.0199202 
1.235 0.977039 -0.00207735 0.0956556 0.19037 0.0941142 0.995561 0.93264 -0.0681715 0.646308 0.308315 -19.5909 -34.8583 5.04276 -6.2553 0.591337 -0.566758 -0.00173014 0.00178268 -0.00098046 0.00296684 0.00891293 -0.0194739 
1.24 0.976874 -0.00241502 0.0957685 0.191154 0.0627964 0.998026 0.929777 -0.0433744 -0.657024 0.534662 -18.8127 -35.3989 4.81736 -6.27078 0.394562 -0.578247 -0.00170575 0.00192069 -0.0010307 0.00246498 0.00948401 -0.020289 
1.245 0.976708 -0.0027528 0.0958785 0.191939 0.0314167 0.999506 0.926857 -0.548991 -0.0304839 0.413766 -17.062 -35.8993 5.02051 -6.28008 0.197397 -0.589699 -0.00171981 0.00185764 -0.000989521 0.00258674 0.00989689 -0.020825 
1.25 0.976542 -0.00309067 0.0959857 0.192723 5.99211e-06 1 0.92388 -0.129546 0.0503433 0.294774 -16.4117 -36.0843 5.8571 -6.28319 3.76496e-05 -0.601116 -0.00172103 0.00189264 -0.00107356 0.00258961 0.0100169 -0.0218215 
1.255 0.976376 -0.00342862 0.0960899 0.193507 -0.0314047 0.999507 0.920846 -0.191665 0.344732 0.488902 -15.6192 -36.3233 5.76067 -6.28009 -0.197322 -0.612495 -0.00165976 0.00183411 -0.0011014 0.00186585 0.0102196 -0.0220415 
1.26 0.976209 -0.00376665 0.0961914 0.194292 -0.0627845 0.998027 0.917755 0.155027 0.0549548 0.0896819 -13.9793 -37.0261 6.08758 -6.27079 -0.394487 -0.623836 -0.00170201 0.00182217 -0.00119044 0.000744235 0.010912 -0.0223126 
1.265 0.976041 -0.00410473 0.0962899 0.195076 -0.0941023 0.995563 0.914608 -0.0316296 -0.064482 0.383957 -12.8706 -37.2701 5.97407 -6.2553 -0.591262 -0.635139 -0.00161188 0.00187016 -0.0011528 0.00105015 0.0113812 -0.0226861 
1.27 0.975873 -0.00444285 0.0963856 0.195861 -0.125327 0.992115 0.911404 -0.331152 -0.0886034 0.300304 -11.7065 -37.8883 6.32258 -6.23365 -0.787454 -0.646403 -0.00155768 0.00185092 -0.0011616 0.00111684 0.0112459 -0.0225562 
1.275 0.975705 -0.004781 0.0964784 0.196645 -0.156428 0.987689 0.908144 0.0445778 -0.197545 0.0468293 -10.7742 -38.1965 6.24466 -6.20583 -0.982869 -0.657627 -0.00166293 0.001908 -0.0011514 0.000161957 0.0114414 -0.0222088 
1.28 0.975536 -0.00511917 0.0965683 0.19743 -0.187375 0.982288 0.904828 -0.245682 0.213056 0.380781 -9.54303 -38.2985 6.47046 -6.1719 -1.17731 -0.66881 -0.00174241 0.00178291 -0.00128945 7.7826e-05 0.0108057 -0.0222639 
1.285 0.975366 -0.00545735 0.0966553 0.198215 -0.218137 0.975918 0.901456 -0.0461091 -0.209961 0.551686 -8.14171 -38.3706 7.34716 -6.13187 -1.3706 -0.679952 -0.0017584 0.00183659 -0.0012456 0.000252208 0.0109302 -0.0232946 
1.29 0.975196 -0.00579552 0.0967394 0.198999 -0.248684 0.968585 0.898028 -0.0683851 0.410856 0.524267 -7.87955 -38.858 7.55739 -6.0858 -1.56253 -0.691053 -0.00178335 0.00184033 -0.00130518 -0.00128668 0.0117557 -0.0247704 
1.295 0.975025 -0.00613368 0.0968207 0.199784 -0.278985 0.960295 0.894545 0.212554 0.0571863 0.512011 -6.26443 -39.055 7.29862 -6.03371 -1.75292 -0.70211 -0.00178124 0.00194226 -0.00138199 -0.00178341 0.0124037 -0.0247044 
1.3 0.974854 -0.0064718 0.096899 0.200568 -0.309011 0.951058 0.891007 -0.174306 -0.421016 0.251631 -5.22875 -38.9905 8.41229 -5.97568 -1.94157 -0.713124 -0.00173501 0.00204622 -0.00140388 -0.00254436 0.0129861 -0.0257957 
1.305 0.974683 -0.00680987 0.0969745 0.201353 -0.338732 0.940883 0.887414 -0.290965 -0.0755305 -0.128914 -3.38926 -39.2312 8.25786 -5.91174 -2.12832 -0.724095 -0.0018188 0.00200086 -0.00131188 -0.00200456 0.0126402 -0.0255889 
1.31 0.974511 -0.00714789 0.0970471 0.202138 -0.368119 0.929779 0.883766 -0.129156 0.484036 0.198777 -2.85922 -39.4415 8.57727 -5.84197 -2.31296 -0.73502 -0.00184617 0.00193947 -0.00136576 -0.00171088 0.011943 -0.0260178 
1.315 0.974338 -0.00748583 0.0971168 0.202922 -0.397142 0.917757 0.880064 -0.0602315 -0.200915 -0.087837 -2.15107 -39.2406 8.38023 -5.76644 -2.49532 -0.7459 -0.00190631 0.00184103 -0.0013174 -0.00176595 0.0115963 -0.0263296 
1.32 0.974165 -0.0078237 0.0971836 0.203707 -0.425773 0.90483 0.876307 -0.55059 0.00522895 0.540995 -0.320889 -39.1897 8.42264 -5.68521 -2.67521 -0.756735 -0.00174924 0.00184977 -0.00138133 -0.000996232 0.0127494 -0.0272353 
1.325 0.973992 -0.00816147 0.0972475 0.204492 -0.453985 0.891009 0.872497 0.10985 0.248774 0.589735 0.266463 -39.19 8.28419 -5.59838 -2.85247 -0.767522 -0.00168622 0.00169538 -0.0014593 -0.00182794 0.0125274 -0.0260039 
1.33 0.973817 -0.00849913 0.0973085 0.205276 -0.481748 0.87631 0.868632 -0.1133 -0.361271 0.000670285 1.75159 -39.1612 9.23064 -5.50602 -3.02691 -0.778262 -0.00182171 0.00170724 -0.0015107 -0.000540886 0.0125081 -0.0255956 
1.335 0.973643 -0.00883667 0.0973666 0.206061 -0.509036 0.860745 0.864714 -0.122006 -0.127811 0.0147888 3.46252 -38.494 8.92707 -5.40822 -3.19837 -0.788955 -0.00184276 0.00164147 -0.00142863 0.000695426 0.0117512 -0.0256654 
1.34 0.973468 -0.00917407 0.0974218 0.206846 -0.535821 0.844331 0.860743 -0.311642 0.0995847 0.542522 3.81034 -39.4086 9.89693 -5.30509 -3.36666 -0.799598 -0.0018597 0.00169851 -0.00142292 0.00157815 0.0111121 -0.026096 
1.345 0.973292 -0.00951133 0.097474 0.20763 -0.562078 0.827084 0.856718 -0.162297 0.211733 0.197813 5.25794 -38.4675 10.1323 -5.19672 -3.53164 -0.810192 -0.00185981 0.00175468 -0.00133264 0.00154664 0.0107022 -0.0255882 
1.35 0.973116 -0.00984844 0.0975234 0.208415 -0.58778 0.809021 0.852641 -0.557092 0.256886 0.242929 6.55321 -38.6954 9.6121 -5.08323 -3.69313 -0.820737 -0.00188367 0.00183401 -0.00124856 0.00135156 0.0102771 -0.0245774 
1.355 0.97294 -0.0101854 0.0975699 0.2092 -0.612902 0.790159 0.848511 -0.216778 -0.029599 0.320931 7.61844 -38.005 10.1914 -4.96472 -3.85098 -0.83123 -0.00189955 0.0017738 -0.00112153 0.00133626 0.0102269 -0.0249497 
1.36 0.972763 -0.0105221 0.0976135 0.209984 -0.637419 0.770517 0.844329 0.0166021 -0.21706 0.0861434 8.57727 -37.883 10.2595 -4.8413 -4.00502 -0.841673 -0.00193802 0.00175691 -0.00115947 0.000824632 0.0100943 -0.0247266 
1.365 0.972585 -0.0108587 0.0976542 0.210769 -0.661307 0.750115 0.840094 0.31589 -0.0949072 0.18994 9.29977 -37.2912 10.7498 -4.71311 -4.15511 -0.852063 -0.00191576 0.0018268 -0.00116426 0.00136339 0.00872297 -0.0245629 
1.37 0.972407 -0.011195 0.0976919 0.211554 -0.684542 0.728973 0.835808 -0.227833 -0.221396 0.111556 10.4638 -36.7473 11.0934 -4.58027 -4.30111 -0.862401 -0.00196481 0.00202134 -0.00115368 0.000830961 0.00887793 -0.0248718 
1.375 0.972229 -0.0115311 0.0977268 0.212338 -0.707102 0.707112 0.831471 -0.27094 0.303081 0.340406 11.7454 -37.4058 10.6942 -4.44291 -4.44285 -0.872685 -0.00199072 0.00203056 -0.00116382 0.000323588 0.00986949 -0.0258069 
1.38 0.97205 -0.011867 0.0977588 0.213123 -0.728964 0.684552 0.827082 -0.267901 0.0173066 0.443577 13.0265 -36.4891 11.8349 -4.30117 -4.58022 -0.882916 -0.00210792 0.00202214 -0.00123698 0.000772543 0.0099096 -0.0257133 
1.385 0.97187 -0.0122026 0.0977878 0.213907 -0.750107 0.661317 0.822641 -0.203582 -0.0378131 0.272655 14.1373 -36.182 11.662 -4.15518 -4.71306 -0.893093 -0.00206625 0.00192822 -0.00126586 0.000780183 0.010322 -0.025362 
1.39 0.971691 -0.012538 0.0978139 0.214692 -0.770509 0.637429 0.818151 -0.121838 -0.0510469 0.311826 15.5909 -35.708 11.5425 -4.00509 -4.84125 -0.903214 -0.00205318 0.00199101 -0.00128349 0.000831272 0.00974047 -0.0264947 
1.395 0.97151 -0.0128731 0.0978372 0.215476 -0.790151 0.612912 0.813609 -0.156239 0.258832 0.189672 15.7374 -35.1214 11.7117 -3.85104 -4.96466 -0.91328 -0.00207192 0.00208111 -0.00123551 0.000191111 0.0098833 -0.0265101 
1.4 0.971329 -0.0132079 0.0978575 0.216261 -0.809013 0.587791 0.809018 -0.458301 0.0453665 -0.0482718 17.2544 -34.584 11.5406 -3.6932 -5.08318 -0.923289 -0.00212385 0.00219711 -0.00126161 0.000162537 0.00938318 -0.0251042 
1.405 0.971148 -0.0135425 0.0978749 0.217045 -0.827077 0.562089 0.804377 0.14997 0.0747064 0.412287 18.1916 -33.4928 12.4729 -3.53171 -5.19668 -0.933241 -0.00223142 0.00217833 -0.00129663 -0.000915545 0.00965839 -0.0261535 
1.41 0.970966 -0.0138767 0.0978894 0.21783 -0.844324 0.535833 0.799686 -0.285172 -0.222212 0.286741 18.9581 -33.5984 12.2703 -3.36674 -5.30505 -0.943136 -0.00224583 0.00208275 -0.00136737 -0.000245393 0.00807706 -0.0262453 
1.415 0.970784 -0.0142106 0.097901 0.218614 -0.860738 0.509047 0.794945 0.0218769 0.277932 0.137006 19.8213 -32.4459 12.3355 -3.19844 -5.40818 -0.952972 -0.0021905 0.00206559 -0.00140057 -0.000318805 0.00879399 -0.0260777 
1.42 0.970601 -0.0145441 0.0979097 0.219398 -0.876303 0.48176 0.790156 0.181448 -0.146919 0.042757 21.0304 -31.7767 12.6798 -3.02699 -5.50598 -0.96275 -0.00218524 0.00204284 -0.001335 -0.00137605 0.00851269 -0.0274214 
1.425 0.970418 -0.0148773 0.0979154 0.220183 -0.891003 0.453997 0.785318 -0.203989 0.234506 0.272609 22.0493 -31.3295 12.9762 -2.85255 -5.59834 -0.972468 -0.00214901 0.00188181 -0.00134671 -0.00324419 0.00838671 -0.0280349 
1.43 0.970234 -0.0152102 0.0979183 0.220967 -0.904824 0.425786 0.780432 -0.0256991 0.136256 0.503745 22.8342 -30.4946 12.799 -2.67529 -5.68518 -0.982127 -0.00218523 0.00194166 -0.00136438 -0.00251224 0.00912234 -0.0270023 
1.435 0.97005 -0.0155426 0.0979183 0.221751 -0.917752 0.397154 0.775497 0.0806685 -0.201438 0.265536 23.8102 -29.6051 13.4548 -2.49539 -5.7664 -0.991724 -0.00211987 0.00188244 -0.00145082 -0.00239105 0.0103013 -0.0282769 
1.44 0.969865 -0.0158747 0.0979153 0.222535 -0.929774 0.368131 0.770514 -0.23573 0.280953 0.273268 24.5117 -29.1258 13.4029 -2.31304 -5.84194 -1.00126 -0.00224685 0.00185713 -0.00153507 -0.00355363 0.0105876 -0.026448 
1.445 0.96968 -0.0162064 0.0979095 0.22332 -0.940878 0.338745 0.765484 -0.216986 0.185197 0.237167 25.2921 -28.1364 13.2246 -2.1284 -5.91171 -1.01074 -0.00230579 0.00189676 -0.00154474 -0.00319779 0.0109672 -0.0266887 
1.45 0.969494 -0.0165377 0.0979007 0.224104 -0.951054 0.309024 0.760407 -0.291194 0.123746 0.364881 26.1547 -27.3749 14.132 -1.94165 -5.97565 -1.02015 -0.00241219 0.00176985 -0.00154862 -0.00313276 0.010831 -0.0274795 
1.455 0.969308 -0.0168686 0.0978891 0.224888 -0.960292 0.278998 0.755283 -0.0315895 0.353662 0.0918424 26.9751 -26.4581 14.0042 -1.753 -6.03369 -1.0295 -0.0024858 0.00179141 -0.00146799 -0.00334276 0.0106063 -0.0271174 
1.46 0.969122 -0.017199 0.0978745 0.225672 -0.968581 0.248697 0.750112 -0.463295 0.031333 0.140206 27.7556 -25.891 13.7521 -1.56261 -6.08578 -1.03878 -0.00251192 0.00179221 -0.0014962 -0.00343428 0.0103742 -0.0279934 
1.465 0.968935 -0.017529 0.097857 0.226455 -0.975915 0.21815 0.744895 -0.235121 0.179411 0.586886 28.9441 -24.6604 14.1442 -1.37068 -6.13186 -1.04801 -0.00255565 0.00175803 -0.00152193 -0.00354157 0.0104965 -0.0274162 
1.47 0.968747 -0.0178585 0.0978367 0.227239 -0.982286 0.187388 0.739632 -0.416401 -0.0673142 0.276164 29.4969 -23.288 14.0201 -1.1774 -6.17188 -1.05716 -0.00250982 0.00183524 -0.00160013 -0.00435349 0.00973646 -0.0282677 
1.475 0.968559 -0.0181875 0.0978134 0.228023 -0.987687 0.156442 0.734324 -0.205428 -0.0950443 0.622541 29.8185 -22.7343 14.3705 -0.982952 -6.20582 -1.06626 -0.00247288 0.00191557 -0.00147518 -0.00336932 0.00855644 -0.0279956 
1.48 0.968371 -0.0185161 0.0977872 0.228807 -0.992114 0.125341 0.72897 -0.488413 0.143332 0.226738 30.4281 -21.9738 14.5276 -0.787538 -6.23363 -1.07528 -0.00249545 0.00184143 -0.00134193 -0.00313786 0.0075737 -0.0275593 
1.485 0.968182 -0.0188441 0.0977582 0.22959 -0.995561 0.0941157 0.723571 0.0114791 -0.0640745 0.165501 31.4613 -20.6598 14.8191 -0.591346 -6.2553 -1.08424 -0.0025581 0.00178794 -0.00141767 -0.00314028 0.00819837 -0.0275463 
1.49 0.967993 -0.0191717 0.0977262 0.230374 -0.998026 0.0627979 0.718128 -0.141594 0.0113981 0.446635 31.9878 -20.4003 15.2597 -0.394571 -6.27078 -1.09314 -0.0025435 0.00174404 -0.00130473 -0.00222467 0.00884526 -0.0281068 
1.495 0.967803 -0.0194987 0.0976914 0.231157 -0.999506 0.0314182 0.71264 -0.188962 -0.120394 0.0381252 32.1369 -18.93 14.9387 -0.197406 -6.28008 -1.10196 -0.00249362 0.00174449 -0.00135783 -0.00292434 0.00917621 -0.0281814 
1.5 0.967613 -0.0198252 0.0976536 0.231941 -1 7.49014e-06 0.707108 -0.192298 -0.0381798 0.357652 32.3338 -17.7282 15.0989 -4.70619e-05 -6.28319 -1.11072 -0.00251729 0.00169318 -0.00135371 -0.00231453 0.01006 -0.0283178 
1.505 0.967422 -0.0201512 0.097613 0.232724 -0.999507 -0.0314032 0.701533 0.0181789 -0.156121 0.609598 33.2887 -16.4547 15.4516 0.197312 -6.28009 -1.11941 -0.00250754 0.00168978 -0.00139046 -0.00176526 0.0105641 -0.028397 
1.51 0.967231 -0.0204765 0.0975694 0.233507 -0.998027 -0.062783 0.695914 -0.0962971 0.428692 0.489258 33.8943 -15.5905 15.4813 0.394477 -6.27079 -1.12803 -0.00247251 0.00164092 -0.00153826 -0.000748766 0.0100897 -0.0277446 
1.515 0.967039 -0.0208014 0.097523 0.234291 -0.995563 -0.0941008 0.690253 -0.065857 0.108565 0.0695083 33.8323 -14.4879 15.4583 0.591253 -6.2553 -1.13658 -0.00254411 0.00171497 -0.00156696 -0.00107129 0.00948484 -0.0291763 
1.52 0.966847 -0.0211256 0.0974737 0.235074 -0.992116 -0.125326 0.684548 -0.420701 -0.2884 0.238149 34.5097 -13.6387 15.4229 0.787444 -6.23365 -1.14506 -0.00251018 0.00167479 -0.00154127 -0.000825287 0.00889558 -0.0276055 
1.525 0.966654 -0.0214492 0.0974215 0.235857 -0.98769 -0.156427 0.678802 -0.236146 -0.453949 0.154777 34.9497 -12.0871 15.341 0.982859 -6.20584 -1.15347 -0.00248467 0.00180737 -0.00157897 9.96488e-05 0.00948042 -0.0273232 
1.53 0.966461 -0.0217722 0.0973665 0.23664 -0.982289 -0.187374 0.673014 -0.215517 -0.197111 -0.0708314 35.6201 -11.3882 15.4142 1.1773 -6.1719 -1.16181 -0.00248133 0.00179527 -0.00152834 7.47236e-05 0.0101155 -0.0274942 
1.535 0.966268 -0.0220947 0.0973085 0.237422 -0.975918 -0.218136 0.667184 -0.155962 0.345006 -0.0333336 35.6671 -10.4158 15.1725 1.37059 -6.13188 -1.17007 -0.00249406 0.00185962 -0.00142228 0.000888151 0.0092928 -0.0270829 
1.54 0.966074 -0.0224164 0.0972477 0.238205 -0.968585 -0.248682 0.661313 -0.409759 0.342256 0.492803 36.1338 -9.25122 15.3899 1.56252 -6.0858 -1.17827 -0.00244398 0.00192021 -0.00142032 0.000640577 0.00975509 -0.0272056 
1.545 0.965879 -0.0227376 0.097184 0.238988 -0.960296 -0.278984 0.655402 -0.310095 -0.0443628 0.15495 35.9769 -7.69333 15.5251 1.75291 -6.03372 -1.18639 -0.00241993 0.00187461 -0.0014163 0.000512216 0.0096523 -0.0274893 
1.55 0.965685 -0.023058 0.0971175 0.23977 -0.951059 -0.30901 0.64945 0.247762 0.0555257 -0.0308127 36.3592 -6.62666 15.7521 1.94156 -5.97568 -1.19444 -0.00235877 0.00188227 -0.00131093 0.000679258 0.00994831 -0.0274493 
1.555 0.965489 -0.0233778 0.097048 0.240553 -0.940883 -0.338731 0.643457 0.274983 -0.207489 0.170995 37.1707 -5.82221 15.8213 2.12831 -5.91174 -1.20242 -0.00229915 0.00192974 -0.00134125 -0.000499932 0.00998851 -0.0268222 
1.56 0.965294 -0.023697 0.0969757 0.241335 -0.929779 -0.368117 0.637426 -0.379728 -0.0610747 0.376233 37.013 -4.41453 15.7217 2.31295 -5.84198 -1.21032 -0.00226182 0.0019461 -0.00132883 -0.000686822 0.00981014 -0.0273512 
1.565 0.965097 -0.0240154 0.0969006 0.242117 -0.917758 -0.397141 0.631354 -0.0390043 0.448589 0.245258 36.9176 -3.28859 15.8332 2.49531 -5.76644 -1.21814 -0.00234717 0.00198214 -0.00147653 -0.000724594 0.0108395 -0.0279255 
1.57 0.964901 -0.0243331 0.0968226 0.242899 -0.90483 -0.425772 0.625244 -0.222564 0.370572 0.249334 37.0169 -2.28827 15.8553 2.67521 -5.68522 -1.2259 -0.00235803 0.00197841 -0.00144739 0.000912496 0.011389 -0.0284606 
1.575 0.964704 -0.0246501 0.0967417 0.243681 -0.89101 -0.453983 0.619096 -0.396675 -0.20067 0.0990051 37.1127 -0.389582 15.7989 2.85246 -5.59838 -1.23357 -0.00249077 0.00201573 -0.00142317 0.000643318 0.0123136 -0.0281008 
1.58 0.964506 -0.0249664 0.0966579 0.244463 -0.876311 -0.481747 0.612909 -0.335214 -0.200642 0.381127 37.4985 0.327524 15.6854 3.0269 -5.50602 -1.24117 -0.00239267 0.00197962 -0.0013607 0.00122364 0.0120438 -0.0279181 
1.585 0.964308 -0.0252819 0.0965714 0.245245 -0.860746 -0.509035 0.606684 0.0247044 -0.298357 0.652187 37.2392 1.37833 15.5953 3.19836 -5.40823 -1.24869 -0.00243798 0.00202206 -0.0012759 0.00112111 0.0114521 -0.028912 
1.59 0.964109 -0.0255967 0.0964819 0.246026 -0.844332 -0.53582 0.600422 -0.425424 -0.147932 -0.0175557 37.0108 2.35106 15.9036 3.36666 -5.3051 -1.25614 -0.00239486 0.00192652 -0.00128351 -0.000511657 0.0124348 -0.0299443 
1.595 0.963911 -0.0259107 0.0963896 0.246808 -0.827085 -0.562077 0.594123 -0.405321 -0.141677 0.166764 36.7841 3.4358 16.2692 3.53163 -5.19673 -1.26351 -0.00237475 0.00191887 -0.00128149 4.20427e-05 0.0124871 -0.030795 
1.6 0.963711 -0.026224 0.0962945 0.247589 -0.809022 -0.587779 0.587787 -0.207563 -0.0963538 0.0243614 36.3843 4.85462 16.2931 3.69312 -5.08323 -1.2708 -0.00246311 0.00184061 -0.00141089 -0.000172906 0.0131994 -0.0308158 
1.605 0.963511 -0.0265364 0.0961966 0.24837 -0.79016 -0.612901 0.581415 -0.139553 -0.418218 0.131115 36.3323 6.34435 16.1603 3.85097 -4.96472 -1.27801 -0.00253593 0.00185898 -0.0013628 0.000900666 0.0129686 -0.0301738 
1.61 0.963311 -0.026848 0.0960958 0.249152 -0.770518 -0.637418 0.575007 -0.0639875 0.373492 0.207827 36.2278 7.42142 15.7324 4.00501 -4.84131 -1.28514 -0.00244917 0.001957 -0.00138637 0.00154438 0.0115274 -0.0312887 
1.615 0.96311 -0.0271589 0.0959922 0.249933 -0.750116 -0.661306 0.568564 -0.331875 0.168382 -0.0217823 36.4726 8.25084 15.833 4.15511 -4.71312 -1.2922 -0.00239333 0.00188227 -0.00138698 0.00117748 0.0103032 -0.0298939 
1.62 0.962909 -0.0274689 0.0958857 0.250713 -0.728974 -0.684541 0.562085 -0.159248 0.183961 0.155712 35.966 9.49006 15.327 4.3011 -4.58028 -1.29917 -0.00245144 0.00188216 -0.00147138 0.00181241 0.0104728 -0.0299358 
1.625 0.962708 -0.0277781 0.0957764 0.251494 -0.707113 -0.707101 0.555572 -0.468092 0.135973 0.352216 35.8432 10.7977 15.5771 4.44285 -4.44292 -1.30607 -0.00237095 0.00204762 -0.00155932 0.00197075 0.0116578 -0.0305623 
1.63 0.962506 -0.0280864 0.0956644 0.252275 -0.684553 -0.728963 0.549025 -0.342619 -0.344149 0.0936105 34.9424 11.9894 15.5832 4.58021 -4.30117 -1.31288 -0.0024439 0.00200113 -0.00150792 0.0022702 0.0115394 -0.0311693 
1.635 0.962303 -0.0283938 0.0955495 0.253055 -0.661318 -0.750106 0.542443 -0.412238 -0.157047 0.180249 35.331 13.2549 14.9896 4.71305 -4.15518 -1.31961 -0.00237529 0.00210765 -0.00151438 0.00189377 0.012575 -0.0317343 
1.64 0.9621 -0.0287004 0.0954317 0.253835 -0.63743 -0.770508 0.535829 0.173148 0.0607972 0.0874856 34.5824 14.0367 15.5151 4.84124 -4.00509 -1.32627 -0.00226333 0.00194282 -0.00135756 0.00197168 0.0129389 -0.0324853 
1.645 0.961897 -0.0290061 0.0953112 0.254615 -0.612914 -0.79015 0.529181 -0.459347 -0.0326673 0.315979 34.2946 15.0775 15.5349 4.96466 -3.85105 -1.33283 -0.00224743 0.0018406 -0.00129067 0.00364276 0.0129506 -0.0330811 
1.65 0.961693 -0.0293109 0.0951879 0.255395 -0.587792 -0.809012 0.5225 -0.5866 0.168839 0.482428 33.5053 15.9813 15.3398 5.08317 -3.69321 -1.33932 -0.00226676 0.00168317 -0.00140519 0.00209922 0.0139659 -0.0326424 
1.655 0.961489 -0.0296148 0.0950618 0.256175 -0.56209 -0.827076 0.515788 -0.402937 0.18784 0.348811 32.8197 17.1187 15.4645 5.19667 -3.53172 -1.34573 -0.00228213 0.00173039 -0.00137163 0.00108935 0.0140802 -0.0329736 
1.66 0.961284 -0.0299178 0.0949329 0.256955 -0.535834 -0.844323 0.509043 0.197111 0.0172181 0.359034 32.797 18.3361 15.3262 5.30504 -3.36674 -1.35205 -0.00230842 0.00169063 -0.00127648 0.000589029 0.0144493 -0.0324121 
1.665 0.961079 -0.0302199 0.0948012 0.257734 -0.509049 -0.860738 0.502267 -0.232379 0.105386 0.0667421 32.2491 19.1323 15.2616 5.40817 -3.19845 -1.35829 -0.00218472 0.00175699 -0.00126357 -0.000250299 0.0139825 -0.0321622 
1.67 0.960873 -0.030521 0.0946667 0.258514 -0.481761 -0.876303 0.495461 -0.526065 0.267838 0.241291 31.558 20.9064 15.6758 5.50597 -3.02699 -1.36444 -0.00217423 0.00168982 -0.00142543 -0.000327063 0.0144882 -0.0328775 
1.675 0.960667 -0.0308211 0.0945294 0.259293 -0.453998 -0.891003 0.488623 -0.130489 -0.216006 0.323423 30.8729 21.205 15.4439 5.59833 -2.85255 -1.37051 -0.00215135 0.00167119 -0.00144512 -0.00174462 0.0141952 -0.0326012 
1.68 0.960461 -0.0311203 0.0943894 0.260072 -0.425787 -0.904823 0.481756 0.0290289 0.00847426 0.315197 30.0533 22.3287 15.2627 5.68517 -2.6753 -1.3765 -0.00215409 0.00166935 -0.00130498 -0.00274916 0.0143593 -0.0320589 
1.685 0.960254 -0.0314185 0.0942466 0.260851 -0.397156 -0.917751 0.474858 0.0108035 -0.122731 0.244459 29.151 22.8022 14.9699 5.7664 -2.4954 -1.3824 -0.00207811 0.00184237 -0.00133994 -0.00222969 0.0140363 -0.0322707 
1.69 0.960046 -0.0317158 0.094101 0.261629 -0.368133 -0.929773 0.467932 0.00407446 0.195216 0.803766 28.6143 24.1145 15.1515 5.84194 -2.31305 -1.38821 -0.00208553 0.00172064 -0.00137869 -0.00332859 0.0149691 -0.0321726 
1.695 0.959839 -0.032012 0.0939527 0.262408 -0.338746 -0.940878 0.460976 -0.0988782 -0.548692 0.504282 27.623 25.0934 15.0673 5.91171 -2.1284 -1.39394 -0.00193572 0.00181722 -0.00151366 -0.00339471 0.0146217 -0.0316962 
1.7 0.95963 -0.0323072 0.0938016 0.263186 -0.309025 -0.951054 0.453992 -0.33239 0.0591692 0.539549 27.0546 26.1902 14.0412 5.97565 -1.94166 -1.39959 -0.00186328 0.0018161 -0.00147516 -0.00341825 0.0146461 -0.0320334 
1.705 0.959422 -0.0326014 0.0936477 0.263964 -0.278999 -0.960291 0.446981 -0.139888 0.0942516 0.200435 26.2081 27.0915 14.2177 6.03369 -1.75301 -1.40515 -0.0018051 0.00176402 -0.00141989 -0.00357654 0.0149639 -0.0321945 
1.71 0.959213 -0.0328945 0.0934911 0.264742 -0.248698 -0.968581 0.439941 -0.113556 -0.157475 0.304614 25.8566 27.672 14.646 6.08577 -1.56262 -1.41062 -0.00182929 0.00165188 -0.00139701 -0.00329228 0.0165429 -0.0322046 
1.715 0.959003 -0.0331867 0.0933318 0.26552 -0.218152 -0.975915 0.432875 0.0970822 0.157122 0.548745 25.0934 28.0668 14.8184 6.13185 -1.37069 -1.416 -0.0018175 0.00152455 -0.00146573 -0.00289897 0.0155356 -0.0326248 
1.72 0.958793 -0.0334777 0.0931698 0.266298 -0.18739 -0.982286 0.425781 -0.204605 0.313205 0.303323 23.8673 28.8674 14.5659 6.17188 -1.17741 -1.4213 -0.00179061 0.00148954 -0.00138073 -0.00287787 0.0152643 -0.0321823 
1.725 0.958583 -0.0337677 0.093005 0.267075 -0.156443 -0.987687 0.418662 0.0444578 -0.0702637 -0.128427 23.1986 30.1392 13.8701 6.20582 -0.982962 -1.42651 -0.00176297 0.00155039 -0.00137702 -0.00405333 0.0161973 -0.0312654 
1.73 0.958372 -0.0340566 0.0928375 0.267852 -0.125342 -0.992114 0.411516 -0.25922 -0.435097 -0.0601674 22.6799 30.6947 13.7067 6.23363 -0.787547 -1.43163 -0.00170316 0.00164214 -0.00140322 -0.00546287 0.0168511 -0.0309733 
1.735 0.958161 -0.0343444 0.0926673 0.268629 -0.0941172 -0.995561 0.404346 -0.538572 -0.0436681 0.541025 21.5627 31.9966 13.5536 6.2553 -0.591356 -1.43666 -0.00168731 0.00166413 -0.00140661 -0.00435505 0.0164079 -0.0310671 
1.74 0.957949 -0.0346311 0.0924943 0.269406 -0.0627994 -0.998026 0.39715 -0.290322 -0.546609 0.102087 20.4328 32.2829 13.9628 6.27078 -0.39458 -1.4416 -0.00167427 0.00172459 -0.00125665 -0.00475696 0.0192362 -0.0303415 
1.745 0.957737 -0.0349167 0.0923187 0.270183 -0.0314197 -0.999506 0.38993 0.293206 0.137047 0.490948 19.5627 32.9456 13.3591 6.28008 -0.197416 -1.44646 -0.00176538 0.00156561 -0.00113432 -0.00480463 0.0196108 -0.0306532 
1.75 0.957524 -0.0352012 0.0921404 0.270959 -8.98817e-06 -1 0.382686 -0.141949 0.111555 0.258746 18.9214 32.9517 13.3796 6.28319 -5.64743e-05 -1.45123 -0.00183072 0.00143139 -0.000963398 -0.00379779 0.0193879 -0.0310402 
1.755 0.957311 -0.0354846 0.0919593 0.271735 0.0314017 -0.999507 0.375418 -0.0865354 -0.114253 0.138092 17.5451 33.9466 13.7831 6.28009 0.197303 -1.4559 -0.00184892 0.00150466 -0.000941098 -0.0036444 0.019011 -0.0314788 
1.76 0.957097 -0.0357668 0.0917756 0.272511 0.0627815 -0.998027 0.368127 -0.122015 0.267833 0.275539 16.7894 34.8222 13.1612 6.27079 0.394468 -1.46049 -0.00188806 0.00142168 -0.000953071 -0.00432904 0.019307 -0.0312149 
1.765 0.956884 -0.0360478 0.0915892 0.273287 0.0940993 -0.995563 0.360813 -0.277018 0.177127 0.281183 14.9389 34.8343 13.1397 6.25531 0.591243 -1.46498 -0.0018356 0.00139927 -0.000936104 -0.00502817 0.0201406 -0.0316181 
1.77 0.956669 -0.0363277 0.0914002 0.274063 0.125324 -0.992116 0.353477 -0.134468 -0.144079 0.238574 14.1368 36.1474 12.6183 6.23365 0.787435 -1.46939 -0.00169354 0.00146384 -0.000984759 -0.00429736 0.0201763 -0.0315185 
1.775 0.956454 -0.0366064 0.0912084 0.274838 0.156425 -0.98769 0.346119 -0.330166 0.068482 0.293988 13.2364 36.3132 12.2709 6.20584 0.98285 -1.47371 -0.00168501 0.00143662 -0.000914881 -0.00552118 0.0188577 -0.0328577 
1.78 0.956239 -0.0368839 0.091014 0.275613 0.187372 -0.982289 0.33874 -1.0029 0.115607 0.243926 12.5391 36.3001 11.8874 6.1719 1.17729 -1.47793 -0.00166493 0.00144966 -0.000970117 -0.00516452 0.0181147 -0.0334294 
1.785 0.956023 -0.0371602 0.090817 0.276388 0.218134 -0.975919 0.33134 -0.476536 0.243462 0.197589 11.2356 36.9517 11.9215 6.13188 1.37058 -1.48206 -0.00155794 0.00144012 -0.000936323 -0.0054625 0.0181819 -0.0321317 
1.79 0.955807 -0.0374353 0.0906173 0.277163 0.248681 -0.968585 0.32392 -0.162171 -0.184702 0.0993717 9.82266 37.5162 12.101 6.0858 1.56251 -1.48611 -0.00151146 0.00147799 -0.00116672 -0.00527987 0.0181236 -0.0321679 
1.795 0.955591 -0.0377092 0.090415 0.277937 0.278982 -0.960296 0.316479 -0.328576 -0.151203 -0.0831743 8.86334 37.8621 11.8836 6.03372 1.7529 -1.49006 -0.00155194 0.00148129 -0.00122577 -0.00513056 0.017304 -0.0329571 
1.8 0.955374 -0.0379818 0.09021 0.278712 0.309008 -0.951059 0.309019 -0.727581 0.358128 0.18105 7.95715 38.0247 11.5174 5.97568 1.94156 -1.49391 -0.00166786 0.0015 -0.00125781 -0.00469321 0.0174291 -0.0328365 
1.805 0.955157 -0.0382532 0.0900024 0.279486 0.338729 -0.940884 0.30154 -0.460197 -0.415592 0.346374 6.61324 38.1007 11.8553 5.91175 2.1283 -1.49768 -0.00153478 0.00152209 -0.00130557 -0.00450449 0.0176241 -0.032367 
1.81 0.954939 -0.0385234 0.0897922 0.28026 0.368116 -0.92978 0.294043 -0.116109 0.0869282 0.407089 5.56847 38.6069 10.9349 5.84198 2.31294 -1.50136 -0.00168285 0.00155422 -0.00126549 -0.00515039 0.0175537 -0.0310175 
1.815 0.95472 -0.0387923 0.0895793 0.281033 0.397139 -0.917758 0.286527 -0.0814412 -0.11365 0.210837 4.22017 39.0483 11.1122 5.76645 2.4953 -1.50494 -0.00168659 0.00159721 -0.0012876 -0.0044575 0.0173593 -0.0316672 
1.82 0.954502 -0.0390599 0.0893639 0.281807 0.425771 -0.904831 0.278993 -0.383737 -0.10085 0.469516 3.51269 39.0694 10.901 5.68522 2.6752 -1.50842 -0.00165072 0.00160682 -0.00137384 -0.0044506 0.0172246 -0.0322526 
1.825 0.954283 -0.0393262 0.0891458 0.28258 0.453982 -0.891011 0.271443 -0.430963 0.0282383 0.361537 2.56688 39.5146 10.7273 5.59839 2.85245 -1.51182 -0.00165467 0.0016618 -0.0013236 -0.0047668 0.0163484 -0.0311707 
1.83 0.954063 -0.0395913 0.0889252 0.283352 0.481745 -0.876311 0.263875 -0.556799 -0.0671754 0.363731 1.07069 39.306 10.0612 5.50603 3.0269 -1.51512 -0.001646 0.00175393 -0.00126133 -0.00503244 0.0164361 -0.0311641 
1.835 0.953843 -0.039855 0.088702 0.284125 0.509033 -0.860747 0.256292 -0.132088 -0.0053598 0.471862 -0.0506315 39.1802 10.1371 5.40823 3.19835 -1.51833 -0.00163575 0.00177668 -0.00135776 -0.0064857 0.0172178 -0.0320645 
1.84 0.953623 -0.0401174 0.0884762 0.284898 0.535819 -0.844333 0.248692 -0.388573 0.419235 0.346663 -1.01032 39.2757 10.4867 5.3051 3.36665 -1.52145 -0.00174315 0.00191845 -0.0014041 -0.00756869 0.0181351 -0.0319567 
1.845 0.953402 -0.0403785 0.0882478 0.28567 0.562075 -0.827086 0.241077 -0.0184874 0.362011 0.659075 -2.32871 39.2769 10.5366 5.19673 3.53162 -1.52447 -0.00174854 0.00210541 -0.00153289 -0.00761518 0.0176218 -0.0321425 
1.85 0.95318 -0.0406382 0.0880169 0.286442 0.587777 -0.809023 0.233448 -0.0719473 0.0358837 0.475691 -3.51877 38.8563 9.73992 5.08324 3.69311 -1.52739 -0.00168669 0.00209753 -0.00152394 -0.00698034 0.0165367 -0.0302628 
1.855 0.952959 -0.0408966 0.0877834 0.287213 0.612899 -0.790161 0.225804 -0.078481 -0.395487 0.168186 -4.35309 39.119 9.75245 4.96473 3.85096 -1.53023 -0.00174836 0.00213015 -0.00149967 -0.00582683 0.0164024 -0.0311258 
1.86 0.952736 -0.0411537 0.0875474 0.287985 0.637417 -0.770519 0.218146 -0.136982 -0.0467522 0.252321 -5.74698 39.0461 9.47426 4.84132 4.00501 -1.53297 -0.00177306 0.00214152 -0.00158094 -0.00645473 0.0179578 -0.0313977 
1.865 0.952514 -0.0414093 0.0873089 0.288756 0.661305 -0.750117 0.210474 -0.27645 -0.233826 0.330617 -7.31877 38.2763 9.31993 4.71313 4.1551 -1.53561 -0.00169515 0.00212662 -0.00152305 -0.00615499 0.0164691 -0.0327643 
1.87 0.952291 -0.0416636 0.0870678 0.289526 0.68454 -0.728975 0.20279 0.257945 0.0347633 0.440016 -8.28856 38.6317 8.9147 4.58029 4.30109 -1.53816 -0.00191013 0.00229358 -0.00134462 -0.00696941 0.0171449 -0.0326054 
1.875 0.952067 -0.0419165 0.0868242 0.290297 0.7071 -0.707114 0.195093 -0.140639 0.240061 0.14703 -9.45257 38.6704 8.73861 4.44293 4.44284 -1.54061 -0.0018112 0.00225218 -0.00126775 -0.00617307 0.0174182 -0.0328909 
1.88 0.951843 -0.0421681 0.086578 0.291067 0.728962 -0.684554 0.187384 -0.00823036 0.0226337 0.527016 -10.7764 38.249 9.0919 4.30118 4.5802 -1.54297 -0.00179022 0.00219291 -0.00120841 -0.00779591 0.0162341 -0.0342342 
1.885 0.951619 -0.0424182 0.0863294 0.291837 0.750105 -0.661319 0.179663 -0.151673 -0.099193 0.471303 -11.136 38.0682 8.76372 4.15519 4.71305 -1.54524 -0.00175273 0.00215933 -0.00108697 -0.00822065 0.0174572 -0.0339324 
1.89 0.951394 -0.0426668 0.0860782 0.292607 0.770507 -0.637432 0.171932 -0.0769554 -0.078662 0.398511 -12.4084 37.734 8.26236 4.0051 4.84124 -1.54741 -0.00161856 0.00205327 -0.00113374 -0.00784874 0.0178187 -0.034203 
1.895 0.951169 -0.0429141 0.0858246 0.293377 0.790149 -0.612915 0.164189 -0.266648 0.0229877 0.261835 -14.1295 36.7915 8.59181 3.85106 4.96465 -1.54948 -0.00156548 0.00206137 -0.00105075 -0.00817251 0.0175182 -0.0348833 
1.9 0.950943 -0.0431599 0.0855685 0.294146 0.809011 -0.587793 0.156437 -0.620345 -0.253137 0.49034 -15.129 36.6045 7.43464 3.69321 5.08317 -1.55146 -0.0016706 0.00186575 -0.00098625 -0.0090181 0.0175228 -0.0347622 
1.905 0.950717 -0.0434043 0.0853099 0.294915 0.827075 -0.562092 0.148675 0.0549876 -0.45449 0.163369 -15.7784 36.4971 8.23772 3.53173 5.19667 -1.55334 -0.00168112 0.00176299 -0.000874174 -0.00896934 0.0169374 -0.034457 
1.91 0.950491 -0.0436472 0.0850489 0.295684 0.844323 -0.535835 0.140904 -0.276087 0.194388 0.262897 -17.1328 36.1031 7.78349 3.36675 5.30504 -1.55512 -0.00164484 0.00170285 -0.000839064 -0.00788304 0.0168691 -0.0358087 
1.915 0.950264 -0.0438887 0.0847854 0.296452 0.860737 -0.50905 0.133124 -0.658465 0.0228468 0.667839 -18.0453 35.119 7.40203 3.19846 5.40817 -1.55682 -0.0016056 0.00163678 -0.000641967 -0.00787464 0.017316 -0.0363259 
1.92 0.950036 -0.0441286 0.0845194 0.29722 0.876302 -0.481762 0.125336 -0.0921502 -0.253467 -0.0362233 -19.3175 35.2371 7.3073 3.027 5.50597 -1.55841 -0.00153487 0.00158143 -0.000599039 -0.00877283 0.0168049 -0.036819 
1.925 0.949809 -0.0443671 0.0842511 0.297988 0.891002 -0.453999 0.11754 -0.065591 -0.311019 0.1457 -20.3761 34.7028 7.02168 2.85256 5.59833 -1.55991 -0.00154626 0.00160497 -0.000516497 -0.00752315 0.0170388 -0.0362564 
1.93 0.94958 -0.0446041 0.0839802 0.298756 0.904823 -0.425788 0.109737 -0.00706497 -0.170925 0.000844774 -20.4547 33.9702 6.64982 2.67531 5.68517 -1.56131 -0.00153565 0.00170784 -0.000435985 -0.00869668 0.0168908 -0.0371896 
1.935 0.949352 -0.0448396 0.083707 0.299523 0.917751 -0.397157 0.101927 -0.327214 -0.262982 0.304857 -22.3291 33.2607 7.41464 2.49541 5.7664 -1.56262 -0.00155578 0.001725 -0.000342482 -0.00858102 0.0157342 -0.0379195 
1.94 0.949122 -0.0450736 0.0834314 0.30029 0.929773 -0.368134 0.0941108 -0.112161 -0.212083 -0.0488467 -22.4156 32.3077 6.51132 2.31305 5.84193 -1.56382 -0.0015641 0.00180776 -0.000395082 -0.00856249 0.0157233 -0.0376942 
1.945 0.948893 -0.045306 0.0831533 0.301057 0.940877 -0.338747 0.0862889 -0.197506 -0.218915 0.319327 -24.0869 32.1008 6.48509 2.12841 5.91171 -1.56494 -0.00140586 0.00183024 -0.000341975 -0.00835044 0.0159863 -0.0374819 
1.95 0.948663 -0.045537 0.0828729 0.301823 0.951053 -0.309027 0.0784616 -0.0181418 -0.250586 0.106464 -24.8935 31.1407 5.93284 1.94167 5.97564 -1.56595 -0.00146606 0.00171788 -0.000334388 -0.0083976 0.0169658 -0.038225 
1.955 0.948432 -0.0457663 0.08259 0.302589 0.960291 -0.279001 0.0706295 -0.230059 0.248576 0.135805 -26.0811 30.8333 6.55366 1.75301 6.03369 -1.56687 -0.00171792 0.00163144 -0.000281607 -0.00833405 0.017065 -0.0385351 
1.96 0.948202 -0.0459942 0.0823048 0.303355 0.968581 -0.2487 0.0627931 -0.0641835 -0.104677 0.163606 -27.1834 29.6235 5.38613 1.56263 6.08577 -1.5677 -0.00169046 0.00170735 -0.000310574 -0.00723515 0.0157864 -0.0386709 
1.965 0.94797 -0.0462204 0.0820173 0.30412 0.975915 -0.218153 0.0549527 -0.141115 -0.169635 0.796392 -28.0471 29.2645 5.61742 1.3707 6.13185 -1.56842 -0.00166051 0.00179941 -0.000284283 -0.00649113 0.0152171 -0.0390169 
1.97 0.947738 -0.0464451 0.0817273 0.304886 0.982285 -0.187391 0.047109 -0.264401 -0.402696 0.614351 -28.4476 28.6862 5.60041 1.17742 6.17188 -1.56905 -0.00167461 0.00171369 -0.000274258 -0.00671794 0.0152459 -0.040479 
1.975 0.947506 -0.0466682 0.0814351 0.305651 0.987687 -0.156445 0.0392624 -0.537023 0.0114964 0.0617309 -29.2983 27.6789 5.31549 0.982971 6.20582 -1.56959 -0.00164124 0.00167175 -0.000267827 -0.00690214 0.015511 -0.0415595 
1.98 0.947274 -0.0468897 0.0811404 0.306415 0.992113 -0.125344 0.0314133 0.124014 -0.149715 0.390055 -30.6233 26.8778 5.25879 0.787557 6.23363 -1.57002 -0.0017194 0.00164405 -0.000188961 -0.00766756 0.0159569 -0.0413132 
1.985 0.947041 -0.0471097 0.0808435 0.307179 0.995561 -0.0941187 0.0235624 -0.13033 -0.475191 0.749759 -30.9159 25.8467 5.03257 0.591365 6.25529 -1.57036 -0.00175372 0.00165402 -0.000177227 -0.00792355 0.0177663 -0.0414897 
1.99 0.946807 -0.047328 0.0805442 0.307943 0.998026 -0.0628009 0.0157099 0.0922335 0.0405972 0.375949 -31.8566 25.2586 4.89299 0.39459 6.27078 -1.5706 -0.00176267 0.0018103 -0.000235997 -0.00780049 0.0173116 -0.0405325 
1.995 0.946573 -0.0475447 0.0802427 0.308707 0.999506 -0.0314212 0.00785651 -0.189474 0.0987091 0.510432 -32.5346 23.9876 4.62392 0.197425 6.28008 -1.57075 -0.00190705 0.00185411 -0.000223974 -0.00811054 0.0173924 -0.0411784 
2 0.946339 -0.0477598 0.0799388 0.30947 1 -1.04862e-05 2.62155e-06 0.0857925 0.241495 -0.157956 -33.2439 23.0877 5.39491 6.58867e-05 6.28319 -1.5708 -0.00181995 0.00185389 -0.000190365 -0.00894929 0.0174992 -0.0407117 
