0.005 0.998748 0.0500221 -0.000204664 0.000629465 0.999503 0.0314024 0.00785525 0.998748 0.0500221 -0.000204664 0.000629465 0.999503 0.0314024 0.00785525 
0.01 0.998744 0.0500562 -6.7045e-05 0.00199993 0.998021 0.0627603 0.0157076 0.998744 0.0500562 -6.7045e-05 0.00199993 0.998021 0.0627603 0.0157076 
0.015 0.99871 0.0507027 0.000824251 0.00258962 0.995559 0.0940397 0.0235536 0.99871 0.0507027 0.000824251 0.00258962 0.995559 0.0940397 0.0235536 
0.02 0.998728 0.0503276 0.000820698 0.00282887 0.992112 0.125207 0.0313955 0.998728 0.0503276 0.000820698 0.00282887 0.992112 0.125207 0.0313955 
0.025 0.998711 0.0505736 0.00169134 0.0040593 0.987684 0.156236 0.0392321 0.998711 0.0505736 0.00169134 0.0040593 0.987684 0.156236 0.0392321 
0.03 0.998714 0.0503646 0.00232708 0.00522942 0.982282 0.187107 0.0470612 0.998714 0.0503646 0.00232708 0.00522942 0.982282 0.187107 0.0470612 
0.035 0.998682 0.0508166 0.00334909 0.00642756 0.975918 0.217786 0.054884 0.998682 0.0508166 0.00334909 0.00642756 0.975918 0.217786 0.054884 
0.04 0.998738 0.0496877 0.0038223 0.00626369 0.968599 0.248233 0.0626953 0.998738 0.0496877 0.0038223 0.00626369 0.968599 0.248233 0.0626953 
0.045 0.998722 0.0498125 0.00446085 0.00727658 0.960322 0.278413 0.0704993 0.998722 0.0498125 0.00446085 0.00727658 0.960322 0.278413 0.0704993 
0.05 0.998758 0.0490061 0.00490631 0.00746898 0.951096 0.308297 0.0782993 0.998758 0.0490061 0.00490631 0.00746898 0.951096 0.308297 0.0782993 
0.055 0.99876 0.0488519 0.00438179 0.00848161 0.940945 0.337857 0.0860891 0.99876 0.0488519 0.00438179 0.00848161 0.940945 0.337857 0.0860891 
0.06 0.998759 0.048529 0.00504495 0.00996894 0.929876 0.367066 0.0938753 0.998759 0.048529 0.00504495 0.00996894 0.929876 0.367066 0.0938753 
0.065 0.998714 0.049062 0.00692347 0.0107597 0.917897 0.395894 0.101656 0.998714 0.049062 0.00692347 0.0107597 0.917897 0.395894 0.101656 
0.07 0.998699 0.0491956 0.00654192 0.0117026 0.905021 0.424312 0.109428 0.998699 0.0491956 0.00654192 0.0117026 0.905021 0.424312 0.109428 
0.075 0.998705 0.0488779 0.00669604 0.0124638 0.89126 0.452288 0.117197 0.998705 0.0488779 0.00669604 0.0124638 0.89126 0.452288 0.117197 
0.08 0.998665 0.0492046 0.00765182 0.0137308 0.87663 0.479804 0.124957 0.998665 0.0492046 0.00765182 0.0137308 0.87663 0.479804 0.124957 
0.085 0.998665 0.0490169 0.00808443 0.0141324 0.861148 0.506839 0.132703 0.998665 0.0490169 0.00808443 0.0141324 0.861148 0.506839 0.132703 
0.09 0.998557 0.0506711 0.00868315 0.0155025 0.844821 0.533354 0.140441 0.998557 0.0506711 0.00868315 0.0155025 0.844821 0.533354 0.140441 
0.095 0.99853 0.0509827 0.00843491 0.0163817 0.827667 0.559325 0.148169 0.99853 0.0509827 0.00843491 0.0163817 0.827667 0.559325 0.148169 
0.1 0.998535 0.0508902 0.00909411 0.016004 0.809705 0.584727 0.155884 0.998535 0.0508902 0.00909411 0.016004 0.809705 0.584727 0.155884 
0.105 0.998526 0.0507777 0.00877904 0.0170221 0.790955 0.60953 0.163581 0.998526 0.0507777 0.00877904 0.0170221 0.790955 0.60953 0.163581 
0.11 0.998486 0.0510974 0.00907366 0.0182272 0.771436 0.633713 0.171254 0.998486 0.0510974 0.00907366 0.0182272 0.771436 0.633713 0.171254 
0.115 0.998431 0.0515228 0.00966792 0.019664 0.751165 0.657253 0.178908 0.998431 0.0515228 0.00966792 0.019664 0.751165 0.657253 0.178908 
0.12 0.998377 0.0520376 0.0101177 0.0208151 0.73016 0.680122 0.186553 0.998377 0.0520376 0.0101177 0.0208151 0.73016 0.680122 0.186553 
0.125 0.998369 0.0517242 0.0105469 0.021754 0.70844 0.702303 0.194178 0.998369 0.0517242 0.0105469 0.021754 0.70844 0.702303 0.194178 
0.13 0.998356 0.0515728 0.0105165 0.0227092 0.686033 0.72377 0.201781 0.998356 0.0515728 0.0105165 0.0227092 0.686033 0.72377 0.201781 
0.135 0.998338 0.0516241 0.0102545 0.0234726 0.662963 0.74451 0.209358 0.998338 0.0516241 0.0102545 0.0234726 0.662963 0.74451 0.209358 
0.14 0.998274 0.0519946 0.0118647 0.0246077 0.639253 0.764501 0.216901 0.998274 0.0519946 0.0118647 0.0246077 0.639253 0.764501 0.216901 
0.145 0.99822 0.0524732 0.0116528 0.025825 0.614919 0.783719 0.224418 0.99822 0.0524732 0.0116528 0.025825 0.614919 0.783719 0.224418 
0.15 0.99818 0.0524786 0.012456 0.0269574 0.589991 0.802142 0.231915 0.99818 0.0524786 0.012456 0.0269574 0.589991 0.802142 0.231915 
0.155 0.998103 0.0533252 0.0139881 0.027419 0.564502 0.819755 0.239389 0.998103 0.0533252 0.0139881 0.027419 0.564502 0.819755 0.239389 
0.16 0.998057 0.0535243 0.0146842 0.0283188 0.538476 0.83654 0.246833 0.998057 0.0535243 0.0146842 0.0283188 0.538476 0.83654 0.246833 
0.165 0.998008 0.0539834 0.0158265 0.0285711 0.51194 0.852479 0.25425 0.998008 0.0539834 0.0158265 0.0285711 0.51194 0.852479 0.25425 
0.17 0.997974 0.0536811 0.0174134 0.0293744 0.484919 0.867564 0.261643 0.997974 0.0536811 0.0174134 0.0293744 0.484919 0.867564 0.261643 
0.175 0.997928 0.053717 0.0178733 0.0305812 0.457439 0.881783 0.26901 0.997928 0.053717 0.0178733 0.0305812 0.457439 0.881783 0.26901 
0.18 0.997945 0.0531984 0.0172615 0.0312769 0.429532 0.89511 0.276343 0.997945 0.0531984 0.0172615 0.0312769 0.429532 0.89511 0.276343 
0.185 0.997881 0.0536758 0.0176015 0.0322975 0.401222 0.907524 0.283647 0.997881 0.0536758 0.0176015 0.0322975 0.401222 0.907524 0.283647 
0.19 0.997856 0.053306 0.0180657 0.0333969 0.372533 0.919011 0.290923 0.997856 0.053306 0.0180657 0.0333969 0.372533 0.919011 0.290923 
0.195 0.997832 0.0529578 0.0184045 0.0344761 0.343494 0.929569 0.298168 0.997832 0.0529578 0.0184045 0.0344761 0.343494 0.929569 0.298168 
0.2 0.997785 0.0531508 0.0188477 0.0352738 0.314138 0.939185 0.305379 0.997785 0.0531508 0.0188477 0.0352738 0.314138 0.939185 0.305379 
0.205 0.997723 0.0537677 0.019506 0.035736 0.284501 0.947854 0.312556 0.997723 0.0537677 0.019506 0.035736 0.284501 0.947854 0.312556 
0.21 0.997712 0.0537402 0.0196091 0.0360439 0.254615 0.955569 0.319697 0.997712 0.0537402 0.0196091 0.0360439 0.254615 0.955569 0.319697 
0.215 0.997669 0.0532718 0.0201786 0.0375677 0.224506 0.962316 0.326804 0.997669 0.0532718 0.0201786 0.0375677 0.224506 0.962316 0.326804 
0.22 0.997647 0.053058 0.0206382 0.0381994 0.194201 0.968091 0.333878 0.997647 0.053058 0.0206382 0.0381994 0.194201 0.968091 0.333878 
0.225 0.997617 0.0527021 0.0213431 0.0390892 0.163731 0.972894 0.340916 0.997617 0.0527021 0.0213431 0.0390892 0.163731 0.972894 0.340916 
0.23 0.997514 0.0534609 0.0224072 0.0400764 0.133128 0.976721 0.347923 0.997514 0.0534609 0.0224072 0.0400764 0.133128 0.976721 0.347923 
0.235 0.997458 0.0538348 0.0231207 0.0405595 0.102425 0.979566 0.354896 0.997458 0.0538348 0.0231207 0.0405595 0.102425 0.979566 0.354896 
0.24 0.997444 0.0524887 0.0240247 0.0421001 0.0716568 0.981426 0.361834 0.997444 0.0524887 0.0240247 0.0421001 0.0716568 0.981426 0.361834 
0.245 0.997401 0.0523639 0.0242247 0.0431515 0.0408525 0.982292 0.36874 0.997401 0.0523639 0.0242247 0.0431515 0.0408525 0.982292 0.36874 
0.25 0.997378 0.0518648 0.0252631 0.0436884 0.0100379 0.982164 0.375611 0.997378 0.0518648 0.0252631 0.0436884 0.0100379 0.982164 0.375611 
0.255 0.997334 0.0509704 0.0265046 0.0450039 -0.0207557 0.981048 0.382446 0.997334 0.0509704 0.0265046 0.0450039 -0.0207557 0.981048 0.382446 
0.26 0.99729 0.0505671 0.0268371 0.046206 -0.0514896 0.978946 0.389253 0.99729 0.0505671 0.0268371 0.046206 -0.0514896 0.978946 0.389253 
0.265 0.997179 0.0513917 0.027748 0.0471483 -0.0821316 0.975862 0.396029 0.997179 0.0513917 0.027748 0.0471483 -0.0821316 0.975862 0.396029 
0.27 0.997088 0.0517233 0.0282444 0.0483985 -0.11266 0.971795 0.40277 0.997088 0.0517233 0.0282444 0.0483985 -0.11266 0.971795 0.40277 
0.275 0.997056 0.0513813 0.0284166 0.0493161 -0.143037 0.966742 0.409477 0.997056 0.0513813 0.0284166 0.0493161 -0.143037 0.966742 0.409477 
0.28 0.996997 0.0514373 0.0286198 0.0503144 -0.173222 0.960708 0.416144 0.996997 0.0514373 0.0286198 0.0503144 -0.173222 0.960708 0.416144 
0.285 0.996929 0.0512446 0.0298004 0.0511643 -0.203188 0.95371 0.42278 0.996929 0.0512446 0.0298004 0.0511643 -0.203188 0.95371 0.42278 
0.29 0.996875 0.0510382 0.0311552 0.0516236 -0.232906 0.945758 0.429385 0.996875 0.0510382 0.0311552 0.0516236 -0.232906 0.945758 0.429385 
0.295 0.996844 0.0510149 0.0315008 0.0520329 -0.262353 0.936853 0.43595 0.996844 0.0510149 0.0315008 0.0520329 -0.262353 0.936853 0.43595 
0.3 0.996795 0.0506894 0.0323656 0.0527575 -0.291501 0.927009 0.442479 0.996795 0.0506894 0.0323656 0.0527575 -0.291501 0.927009 0.442479 
0.305 0.996741 0.0510716 0.0330973 0.0529459 -0.320312 0.916241 0.44897 0.996741 0.0510716 0.0330973 0.0529459 -0.320312 0.916241 0.44897 
0.31 0.996688 0.05008 0.0348154 0.0537786 -0.348762 0.904558 0.455423 0.996688 0.05008 0.0348154 0.0537786 -0.348762 0.904558 0.455423 
0.315 0.996641 0.0490985 0.0363808 0.0545141 -0.376826 0.891975 0.461838 0.996641 0.0490985 0.0363808 0.0545141 -0.376826 0.891975 0.461838 
0.32 0.996483 0.0493944 0.0377379 0.0561888 -0.404476 0.878495 0.468211 0.996483 0.0493944 0.0377379 0.0561888 -0.404476 0.878495 0.468211 
0.325 0.99648 0.0483422 0.0387842 0.0564525 -0.431685 0.864126 0.474538 0.99648 0.0483422 0.0387842 0.0564525 -0.431685 0.864126 0.474538 
0.33 0.99645 0.0477262 0.0389908 0.0573452 -0.458419 0.84889 0.48082 0.99645 0.0477262 0.0389908 0.0573452 -0.458419 0.84889 0.48082 
0.335 0.996412 0.0479167 0.0391822 0.0577199 -0.484647 0.832804 0.487063 0.996412 0.0479167 0.0391822 0.0577199 -0.484647 0.832804 0.487063 
0.34 0.996371 0.0474694 0.0393593 0.0586697 -0.510338 0.815884 0.493273 0.996371 0.0474694 0.0393593 0.0586697 -0.510338 0.815884 0.493273 
0.345 0.996397 0.0465272 0.0395969 0.0588226 -0.53547 0.798139 0.49944 0.996397 0.0465272 0.0395969 0.0588226 -0.53547 0.798139 0.49944 
0.35 0.996405 0.0457281 0.039318 0.0595006 -0.56002 0.779585 0.50556 0.996405 0.0457281 0.039318 0.0595006 -0.56002 0.779585 0.50556 
0.355 0.996281 0.0463282 0.0401741 0.0605381 -0.583964 0.760244 0.511638 0.996281 0.0463282 0.0401741 0.0605381 -0.583964 0.760244 0.511638 
0.36 0.996253 0.0459024 0.0399165 0.0614824 -0.607278 0.740141 0.517675 0.996253 0.0459024 0.0399165 0.0614824 -0.607278 0.740141 0.517675 
0.365 0.996178 0.0449188 0.0412473 0.0625349 -0.629937 0.719299 0.523678 0.996178 0.0449188 0.0412473 0.0625349 -0.629937 0.719299 0.523678 
0.37 0.996114 0.044067 0.0411024 0.064227 -0.651922 0.697742 0.529641 0.996114 0.044067 0.0411024 0.064227 -0.651922 0.697742 0.529641 
0.375 0.995988 0.0444827 0.0429554 0.0646781 -0.673208 0.675488 0.535559 0.995988 0.0444827 0.0429554 0.0646781 -0.673208 0.675488 0.535559 
0.38 0.995883 0.0439545 0.0427686 0.0667481 -0.693771 0.652559 0.541438 0.995883 0.0439545 0.0427686 0.0667481 -0.693771 0.652559 0.541438 
0.385 0.995874 0.043419 0.0433617 0.0668565 -0.713586 0.628977 0.547276 0.995874 0.043419 0.0433617 0.0668565 -0.713586 0.628977 0.547276 
0.39 0.99589 0.0429814 0.0438909 0.0665556 -0.732649 0.604759 0.553078 0.99589 0.0429814 0.0438909 0.0665556 -0.732649 0.604759 0.553078 
0.395 0.995878 0.0426378 0.0439053 0.0669457 -0.750944 0.579926 0.558849 0.995878 0.0426378 0.0439053 0.0669457 -0.750944 0.579926 0.558849 
0.4 0.995788 0.0427657 0.0440168 0.0681105 -0.768445 0.554502 0.564592 0.995788 0.0427657 0.0440168 0.0681105 -0.768445 0.554502 0.564592 
0.405 0.995736 0.0426575 0.0448465 0.0684071 -0.785135 0.528517 0.570299 0.995736 0.0426575 0.0448465 0.0684071 -0.785135 0.528517 0.570299 
0.41 0.99562 0.0432525 0.045989 0.0689607 -0.800995 0.501999 0.575967 0.99562 0.0432525 0.045989 0.0689607 -0.800995 0.501999 0.575967 
0.415 0.995501 0.043446 0.0464808 0.0702141 -0.816013 0.474974 0.581596 0.995501 0.043446 0.0464808 0.0702141 -0.816013 0.474974 0.581596 
0.42 0.995508 0.0430445 0.046874 0.0700933 -0.83017 0.447473 0.587179 0.995508 0.0430445 0.046874 0.0700933 -0.83017 0.447473 0.587179 
0.425 0.995384 0.0426568 0.0474697 0.0716778 -0.843452 0.419521 0.592713 0.995384 0.0426568 0.0474697 0.0716778 -0.843452 0.419521 0.592713 
0.43 0.995305 0.0424117 0.0488412 0.0719919 -0.855841 0.391145 0.598201 0.995305 0.0424117 0.0488412 0.0719919 -0.855841 0.391145 0.598201 
0.435 0.995256 0.0424984 0.0489993 0.0725199 -0.867315 0.362373 0.603642 0.995256 0.0424984 0.0489993 0.0725199 -0.867315 0.362373 0.603642 
0.44 0.995203 0.0423759 0.0498076 0.0727686 -0.877865 0.333233 0.609031 0.995203 0.0423759 0.0498076 0.0727686 -0.877865 0.333233 0.609031 
0.445 0.995136 0.0429787 0.0503788 0.072929 -0.887487 0.303756 0.614377 0.995136 0.0429787 0.0503788 0.072929 -0.887487 0.303756 0.614377 
0.45 0.995039 0.0426604 0.0512298 0.0738421 -0.896175 0.273974 0.619685 0.995039 0.0426604 0.0512298 0.0738421 -0.896175 0.273974 0.619685 
0.455 0.995046 0.042232 0.050889 0.0742361 -0.903916 0.243913 0.624945 0.995046 0.042232 0.050889 0.0742361 -0.903916 0.243913 0.624945 
0.46 0.995019 0.0424128 0.0509192 0.0744741 -0.910705 0.213602 0.630155 0.995019 0.0424128 0.0509192 0.0744741 -0.910705 0.213602 0.630155 
0.465 0.994917 0.042028 0.051765 0.0754608 -0.91654 0.183064 0.635318 0.994917 0.042028 0.051765 0.0754608 -0.91654 0.183064 0.635318 
0.47 0.99484 0.0420746 0.0524717 0.0759659 -0.921408 0.15233 0.640431 0.99484 0.0420746 0.0524717 0.0759659 -0.921408 0.15233 0.640431 
0.475 0.994677 0.0419623 0.052834 0.0778782 -0.925296 0.121435 0.645495 0.994677 0.0419623 0.052834 0.0778782 -0.925296 0.121435 0.645495 
0.48 0.994586 0.0418187 0.052459 0.0793602 -0.928202 0.0904052 0.650508 0.994586 0.0418187 0.052459 0.0793602 -0.928202 0.0904052 0.650508 
0.485 0.994577 0.0414617 0.0518429 0.0800664 -0.930117 0.0592673 0.655462 0.994577 0.0414617 0.0518429 0.0800664 -0.930117 0.0592673 0.655462 
0.49 0.994518 0.0417364 0.0523505 0.0803225 -0.93104 0.0280575 0.660362 0.994518 0.0417364 0.0523505 0.0803225 -0.93104 0.0280575 0.660362 
0.495 0.994362 0.0410527 0.0535603 0.0817909 -0.930972 -0.00318634 0.665211 0.994362 0.0410527 0.0535603 0.0817909 -0.930972 -0.00318634 0.665211 
0.5 0.994337 0.0413615 0.053687 0.0818548 -0.929914 -0.0344336 0.670009 0.994337 0.0413615 0.053687 0.0818548 -0.929914 -0.0344336 0.670009 
0.505 0.994237 0.0414769 0.0535826 0.0830803 -0.927867 -0.0656561 0.674759 0.994237 0.0414769 0.0535826 0.0830803 -0.927867 -0.0656561 0.674759 
0.51 0.994196 0.0402722 0.0541359 0.0837915 -0.924832 -0.0968255 0.679463 0.994196 0.0402722 0.0541359 0.0837915 -0.924832 -0.0968255 0.679463 
0.515 0.994143 0.0407028 0.0541543 0.0842092 -0.920816 -0.127914 0.684122 0.994143 0.0407028 0.0541543 0.0842092 -0.920816 -0.127914 0.684122 
0.52 0.993999 0.0401277 0.0551574 0.085521 -0.915825 -0.158889 0.688733 0.993999 0.0401277 0.0551574 0.085521 -0.915825 -0.158889 0.688733 
0.525 0.993928 0.039414 0.0552597 0.0866055 -0.909857 -0.189719 0.693293 0.993928 0.039414 0.0552597 0.0866055 -0.909857 -0.189719 0.693293 
0.53 0.99387 0.0401642 0.055424 0.0868229 -0.90292 -0.220369 0.697808 0.99387 0.0401642 0.055424 0.0868229 -0.90292 -0.220369 0.697808 
0.535 0.993798 0.0399061 0.0560558 0.0873592 -0.895017 -0.250805 0.702282 0.993798 0.0399061 0.0560558 0.0873592 -0.895017 -0.250805 0.702282 
0.54 0.99368 0.0407457 0.0566679 0.0879087 -0.886149 -0.280999 0.706706 0.99368 0.0407457 0.0566679 0.0879087 -0.886149 -0.280999 0.706706 
0.545 0.993558 0.0403768 0.0567343 0.0894065 -0.87633 -0.310926 0.711079 0.993558 0.0403768 0.0567343 0.0894065 -0.87633 -0.310926 0.711079 
0.55 0.993465 0.0405914 0.0566483 0.0903946 -0.865566 -0.340556 0.715404 0.993465 0.0405914 0.0566483 0.0903946 -0.865566 -0.340556 0.715404 
0.555 0.993358 0.0406265 0.056926 0.0913682 -0.853869 -0.369862 0.719682 0.993358 0.0406265 0.056926 0.0913682 -0.853869 -0.369862 0.719682 
0.56 0.993195 0.0415426 0.0582817 0.0918752 -0.841252 -0.39882 0.723919 0.993195 0.0415426 0.0582817 0.0918752 -0.841252 -0.39882 0.723919 
0.565 0.993129 0.0413294 0.0584608 0.0925709 -0.827724 -0.427398 0.728107 0.993129 0.0413294 0.0584608 0.0925709 -0.827724 -0.427398 0.728107 
0.57 0.993067 0.0402742 0.0586226 0.0935937 -0.813298 -0.455557 0.732249 0.993067 0.0402742 0.0586226 0.0935937 -0.813298 -0.455557 0.732249 
0.575 0.99296 0.0406839 0.0586381 0.094534 -0.797992 -0.483274 0.736351 0.99296 0.0406839 0.0586381 0.094534 -0.797992 -0.483274 0.736351 
0.58 0.99294 0.0410787 0.058647 0.0945663 -0.781822 -0.510523 0.74041 0.99294 0.0410787 0.058647 0.0945663 -0.781822 -0.510523 0.74041 
0.585 0.992878 0.0400627 0.0592759 0.0952655 -0.764799 -0.537273 0.744419 0.992878 0.0400627 0.0592759 0.0952655 -0.764799 -0.537273 0.744419 
0.59 0.992762 0.0401772 0.0592077 0.0964594 -0.746937 -0.5635 0.748383 0.992762 0.0401772 0.0592077 0.0964594 -0.746937 -0.5635 0.748383 
0.595 0.992656 0.0389525 0.0594467 0.0978904 -0.72826 -0.589175 0.752299 0.992656 0.0389525 0.0594467 0.0978904 -0.72826 -0.589175 0.752299 
0.6 0.992653 0.0391089 0.0591061 0.0980712 -0.708784 -0.614272 0.756167 0.992653 0.0391089 0.0591061 0.0980712 -0.708784 -0.614272 0.756167 
0.605 0.992622 0.0382014 0.0595488 0.0984682 -0.688529 -0.638772 0.759988 0.992622 0.0382014 0.0595488 0.0984682 -0.688529 -0.638772 0.759988 
0.61 0.992497 0.0376938 0.0603104 0.0994536 -0.667508 -0.662652 0.763764 0.992497 0.0376938 0.0603104 0.0994536 -0.667508 -0.662652 0.763764 
0.615 0.992386 0.0384231 0.0605662 0.100125 -0.645746 -0.685882 0.767494 0.992386 0.0384231 0.0605662 0.100125 -0.645746 -0.685882 0.767494 
0.62 0.992198 0.0382445 0.0617765 0.101308 -0.623262 -0.708436 0.771177 0.992198 0.0382445 0.0617765 0.101308 -0.623262 -0.708436 0.771177 
0.625 0.992012 0.0383695 0.0631318 0.102251 -0.600068 -0.730302 0.774819 0.992012 0.0383695 0.0631318 0.102251 -0.600068 -0.730302 0.774819 
0.63 0.991915 0.0378379 0.0635748 0.103104 -0.576188 -0.751462 0.778416 0.991915 0.0378379 0.0635748 0.103104 -0.576188 -0.751462 0.778416 
0.635 0.992001 0.0366726 0.0636032 0.102687 -0.551659 -0.771893 0.781968 0.992001 0.0366726 0.0636032 0.102687 -0.551659 -0.771893 0.781968 
0.64 0.991902 0.0371536 0.0643251 0.103016 -0.526496 -0.791573 0.785481 0.991902 0.0371536 0.0643251 0.103016 -0.526496 -0.791573 0.785481 
0.645 0.991803 0.0372867 0.0642967 0.103933 -0.500711 -0.810483 0.788946 0.991803 0.0372867 0.0642967 0.103933 -0.500711 -0.810483 0.788946 
0.65 0.991707 0.0367667 0.0649805 0.104607 -0.474331 -0.828597 0.792367 0.991707 0.0367667 0.0649805 0.104607 -0.474331 -0.828597 0.792367 
0.655 0.991599 0.0359418 0.0652398 0.105753 -0.447392 -0.845899 0.795751 0.991599 0.0359418 0.0652398 0.105753 -0.447392 -0.845899 0.795751 
0.66 0.991386 0.0350175 0.066286 0.107394 -0.419923 -0.862377 0.799094 0.991386 0.0350175 0.066286 0.107394 -0.419923 -0.862377 0.799094 
0.665 0.991226 0.0348753 0.0664965 0.108784 -0.39195 -0.878008 0.802393 0.991226 0.0348753 0.0664965 0.108784 -0.39195 -0.878008 0.802393 
0.67 0.991049 0.0344276 0.0669696 0.110239 -0.363506 -0.892769 0.805649 0.991049 0.0344276 0.0669696 0.110239 -0.363506 -0.892769 0.805649 
0.675 0.990859 0.0339413 0.0679426 0.111495 -0.33462 -0.906654 0.808861 0.990859 0.0339413 0.0679426 0.111495 -0.33462 -0.906654 0.808861 
0.68 0.990757 0.0339703 0.068731 0.111905 -0.305307 -0.919658 0.81202 0.990757 0.0339703 0.068731 0.111905 -0.305307 -0.919658 0.81202 
0.685 0.990788 0.0338224 0.068712 0.111686 -0.275594 -0.931765 0.815124 0.990788 0.0338224 0.068712 0.111686 -0.275594 -0.931765 0.815124 
0.69 0.99078 0.0322695 0.0690748 0.111996 -0.245511 -0.942956 0.818182 0.99078 0.0322695 0.0690748 0.111996 -0.245511 -0.942956 0.818182 
0.695 0.990687 0.0317022 0.0695812 0.112662 -0.215089 -0.953215 0.821191 0.990687 0.0317022 0.0695812 0.112662 -0.215089 -0.953215 0.821191 
0.7 0.990682 0.0303996 0.0697839 0.112942 -0.184361 -0.962538 0.824144 0.990682 0.0303996 0.0697839 0.112942 -0.184361 -0.962538 0.824144 
0.705 0.990507 0.0296 0.0709492 0.113959 -0.153352 -0.970919 0.827036 0.990507 0.0296 0.0709492 0.113959 -0.153352 -0.970919 0.827036 
0.71 0.990402 0.0301383 0.070419 0.11505 -0.122088 -0.978346 0.829866 0.990402 0.0301383 0.070419 0.11505 -0.122088 -0.978346 0.829866 
0.714999 0.990187 0.0298004 0.071477 0.116332 -0.0905998 -0.98481 0.832635 0.990187 0.0298004 0.071477 0.116332 -0.0905998 -0.98481 0.832635 
0.719999 0.989986 0.0304664 0.0719695 0.11756 -0.0589256 -0.9903 0.835346 0.989986 0.0304664 0.0719695 0.11756 -0.0589256 -0.9903 0.835346 
0.724999 0.989987 0.0306025 0.0721058 0.117429 -0.0270956 -0.994808 0.838 0.989987 0.0306025 0.0721058 0.117429 -0.0270956 -0.994808 0.838 
0.729999 0.989856 0.0303083 0.0726936 0.11825 0.00485908 -0.998336 0.840597 0.989856 0.0303083 0.0726936 0.11825 0.00485908 -0.998336 0.840597 
0.734999 0.989788 0.0292747 0.0720951 0.119438 0.0369149 -1.00088 0.843139 0.989788 0.0292747 0.0720951 0.119438 0.0369149 -1.00088 0.843139 
0.739999 0.989879 0.028027 0.0720236 0.119023 0.0690424 -1.00243 0.845622 0.989879 0.028027 0.0720236 0.119023 0.0690424 -1.00243 0.845622 
0.744999 0.989783 0.0279947 0.0733796 0.119 0.101208 -1.003 0.848041 0.989783 0.0279947 0.0733796 0.119 0.101208 -1.003 0.848041 
0.749999 0.989619 0.0281288 0.0738938 0.12001 0.133377 -1.00258 0.850392 0.989619 0.0281288 0.0738938 0.12001 0.133377 -1.00258 0.850392 
0.754999 0.989604 0.0278801 0.0740822 0.120079 0.165516 -1.00118 0.85269 0.989604 0.0278801 0.0740822 0.120079 0.165516 -1.00118 0.85269 
0.759999 0.989394 0.0271962 0.0744658 0.121714 0.1976 -0.998794 0.854936 0.989394 0.0271962 0.0744658 0.121714 0.1976 -0.998794 0.854936 
0.764999 0.989166 0.0269816 0.0759367 0.122707 0.229605 -0.995423 0.857124 0.989166 0.0269816 0.0759367 0.122707 0.229605 -0.995423 0.857124 
0.769999 0.989097 0.0262802 0.0751537 0.123888 0.261496 -0.991076 0.859259 0.989097 0.0262802 0.0751537 0.123888 0.261496 -0.991076 0.859259 
0.774999 0.989023 0.0261013 0.0755091 0.124304 0.293241 -0.985744 0.861344 0.989023 0.0261013 0.0755091 0.124304 0.293241 -0.985744 0.861344 
0.779999 0.988757 0.025595 0.0766593 0.125809 0.324804 -0.979426 0.863379 0.988757 0.025595 0.0766593 0.125809 0.324804 -0.979426 0.863379 
0.784999 0.988622 0.0248968 0.0772571 0.126638 0.35615 -0.972136 0.865364 0.988622 0.0248968 0.0772571 0.126638 0.35615 -0.972136 0.865364 
0.789999 0.988456 0.0246893 0.0780546 0.127486 0.387255 -0.963883 0.867295 0.988456 0.0246893 0.0780546 0.127486 0.387255 -0.963883 0.867295 
0.794999 0.988397 0.0246239 0.0780198 0.127979 0.418093 -0.954681 0.869172 0.988397 0.0246239 0.0780198 0.127979 0.418093 -0.954681 0.869172 
0.799999 0.988255 0.0250937 0.0785587 0.128646 0.448636 -0.944539 0.870989 0.988255 0.0250937 0.0785587 0.128646 0.448636 -0.944539 0.870989 
0.804999 0.988124 0.0246719 0.0792411 0.12932 0.478848 -0.933468 0.872746 0.988124 0.0246719 0.0792411 0.12932 0.478848 -0.933468 0.872746 
0.809999 0.988008 0.0238563 0.0794578 0.13022 0.508699 -0.921484 0.874443 0.988008 0.0238563 0.0794578 0.13022 0.508699 -0.921484 0.874443 
0.814999 0.987883 0.0239777 0.0800116 0.130805 0.538167 -0.908598 0.876074 0.987883 0.0239777 0.0800116 0.130805 0.538167 -0.908598 0.876074 
0.819999 0.987844 0.0237312 0.0802805 0.130981 0.56722 -0.894821 0.87764 0.987844 0.0237312 0.0802805 0.130981 0.56722 -0.894821 0.87764 
0.824999 0.987747 0.0227197 0.0802916 0.131883 0.595823 -0.880158 0.879138 0.987747 0.0227197 0.0802916 0.131883 0.595823 -0.880158 0.879138 
0.829999 0.987487 0.022167 0.0809377 0.133516 0.623957 -0.864623 0.880573 0.987487 0.022167 0.0809377 0.133516 0.623957 -0.864623 0.880573 
0.834999 0.987508 0.0217469 0.0811651 0.133295 0.65159 -0.848243 0.881947 0.987508 0.0217469 0.0811651 0.133295 0.65159 -0.848243 0.881947 
0.839999 0.987257 0.0209976 0.081665 0.13496 0.678685 -0.831035 0.883252 0.987257 0.0209976 0.081665 0.13496 0.678685 -0.831035 0.883252 
0.844999 0.987126 0.0204591 0.0814239 0.136136 0.705224 -0.81301 0.884489 0.987126 0.0204591 0.0814239 0.136136 0.705224 -0.81301 0.884489 
0.849999 0.987111 0.019982 0.0821311 0.135893 0.73119 -0.794189 0.885667 0.987111 0.019982 0.0821311 0.135893 0.73119 -0.794189 0.885667 
0.854999 0.986979 0.0194814 0.0821881 0.13689 0.756557 -0.774582 0.886782 0.986979 0.0194814 0.0821881 0.13689 0.756557 -0.774582 0.886782 
0.859999 0.986817 0.0194261 0.0823183 0.137983 0.781305 -0.754206 0.887839 0.986817 0.0194261 0.0823183 0.137983 0.781305 -0.754206 0.887839 
0.864999 0.986617 0.0196446 0.0827127 0.139138 0.805405 -0.733085 0.888839 0.986617 0.0196446 0.0827127 0.139138 0.805405 -0.733085 0.888839 
0.869999 0.986494 0.0190513 0.0822546 0.140361 0.828825 -0.711241 0.889777 0.986494 0.0190513 0.0822546 0.140361 0.828825 -0.711241 0.889777 
0.874999 0.986386 0.0181772 0.0820801 0.141334 0.851543 -0.688702 0.890659 0.986386 0.0181772 0.0820801 0.141334 0.851543 -0.688702 0.890659 
0.879999 0.986212 0.018355 0.0831303 0.141909 0.873545 -0.665485 0.891483 0.986212 0.018355 0.0831303 0.141909 0.873545 -0.665485 0.891483 
0.884999 0.986156 0.0181533 0.0830456 0.142373 0.89481 -0.641612 0.892241 0.986156 0.0181533 0.0830456 0.142373 0.89481 -0.641612 0.892241 
0.889999 0.986015 0.0183432 0.0833474 0.143147 0.915322 -0.6171 0.892933 0.986015 0.0183432 0.0833474 0.143147 0.915322 -0.6171 0.892933 
0.894999 0.986015 0.0173779 0.0842023 0.142764 0.935058 -0.591975 0.893563 0.986015 0.0173779 0.0842023 0.142764 0.935058 -0.591975 0.893563 
0.899999 0.985805 0.0169641 0.0847769 0.143921 0.953997 -0.566265 0.894134 0.985805 0.0169641 0.0847769 0.143921 0.953997 -0.566265 0.894134 
0.904999 0.98563 0.01654 0.0853881 0.144807 0.972121 -0.539997 0.894641 0.98563 0.01654 0.0853881 0.144807 0.972121 -0.539997 0.894641 
0.909999 0.98547 0.0170459 0.0857315 0.145633 0.989405 -0.513197 0.89508 0.98547 0.0170459 0.0857315 0.145633 0.989405 -0.513197 0.89508 
0.914999 0.985454 0.016622 0.085108 0.146151 1.00583 -0.485888 0.895457 0.985454 0.016622 0.085108 0.146151 1.00583 -0.485888 0.895457 
0.919999 0.985328 0.0169678 0.0855424 0.146706 1.0214 -0.458096 0.895777 0.985328 0.0169678 0.0855424 0.146706 1.0214 -0.458096 0.895777 
0.924999 0.98513 0.0162466 0.0857095 0.148014 1.0361 -0.429851 0.896034 0.98513 0.0162466 0.0857095 0.148014 1.0361 -0.429851 0.896034 
0.929999 0.984956 0.0160246 0.0867293 0.148606 1.04991 -0.40118 0.896227 0.984956 0.0160246 0.0867293 0.148606 1.04991 -0.40118 0.896227 
0.934999 0.984776 0.0156758 0.086598 0.149907 1.06282 -0.37211 0.89636 0.984776 0.0156758 0.086598 0.149907 1.06282 -0.37211 0.89636 
0.939999 0.984609 0.0158329 0.0859184 0.151366 1.07481 -0.342674 0.896438 0.984609 0.0158329 0.0859184 0.151366 1.07481 -0.342674 0.896438 
0.944999 0.984511 0.0159325 0.0865934 0.151613 1.08588 -0.312903 0.896465 0.984511 0.0159325 0.0865934 0.151613 1.08588 -0.312903 0.896465 
0.949999 0.984369 0.0148892 0.0875409 0.152092 1.09602 -0.282825 0.896436 0.984369 0.0148892 0.0875409 0.152092 1.09602 -0.282825 0.896436 
0.954999 0.984239 0.0150664 0.0869185 0.15327 1.10522 -0.252467 0.896342 0.984239 0.0150664 0.0869185 0.15327 1.10522 -0.252467 0.896342 
0.959999 0.983999 0.0151109 0.087342 0.154564 1.11347 -0.221852 0.896189 0.983999 0.0151109 0.087342 0.154564 1.11347 -0.221852 0.896189 
0.964999 0.983864 0.0142852 0.0873773 0.155478 1.12077 -0.19102 0.895975 0.983864 0.0142852 0.0873773 0.155478 1.12077 -0.19102 0.895975 
0.969999 0.983799 0.0133211 0.0873996 0.155959 1.12711 -0.160004 0.895703 0.983799 0.0133211 0.0873996 0.155959 1.12711 -0.160004 0.895703 
0.974999 0.983544 0.0128705 0.0888365 0.156793 1.13247 -0.128823 0.895377 0.983544 0.0128705 0.0888365 0.156793 1.13247 -0.128823 0.895377 
0.979999 0.983515 0.0130022 0.0891193 0.1568 1.13686 -0.0975095 0.894998 0.983515 0.0130022 0.0891193 0.1568 1.13686 -0.0975095 0.894998 
0.984999 0.983307 0.0123339 0.0892688 0.158071 1.14026 -0.0660968 0.894566 0.983307 0.0123339 0.0892688 0.158071 1.14026 -0.0660968 0.894566 
0.989999 0.983267 0.0118776 0.0886347 0.158712 1.14268 -0.034623 0.894083 0.983267 0.0118776 0.0886347 0.158712 1.14268 -0.034623 0.894083 
0.994999 0.983191 0.0113348 0.0889881 0.159024 1.14411 -0.00311544 0.893543 0.983191 0.0113348 0.0889881 0.159024 1.14411 -0.00311544 0.893543 
0.999999 0.982917 0.0100873 0.0894378 0.160539 1.14457 0.0283997 0.89295 0.982917 0.0100873 0.0894378 0.160539 1.14457 0.0283997 0.89295 
1.005 0.982792 0.00901914 0.0896036 0.161274 1.14405 0.0598871 0.8923 0.982792 0.00901914 0.0896036 0.161274 1.14405 0.0598871 0.8923 
1.01 0.982648 0.00865586 0.0903018 0.161782 1.14254 0.0913143 0.891595 0.982648 0.00865586 0.0903018 0.161782 1.14254 0.0913143 0.891595 
1.015 0.982632 0.00785335 0.0901068 0.162027 1.14005 0.122651 0.890834 0.982632 0.00785335 0.0901068 0.162027 1.14005 0.122651 0.890834 
1.02 0.982528 0.00661591 0.0901986 0.162665 1.13659 0.153872 0.890013 0.982528 0.00661591 0.0901986 0.162665 1.13659 0.153872 0.890013 
1.025 0.982386 0.00687309 0.0898675 0.163691 1.13216 0.184953 0.889131 0.982386 0.00687309 0.0898675 0.163691 1.13216 0.184953 0.889131 
1.03 0.982264 0.00670723 0.089495 0.164628 1.12676 0.21586 0.888191 0.982264 0.00670723 0.089495 0.164628 1.12676 0.21586 0.888191 
1.035 0.982068 0.00648441 0.0897597 0.165663 1.12039 0.246554 0.887195 0.982068 0.00648441 0.0897597 0.165663 1.12039 0.246554 0.887195 
1.04 0.981951 0.00616158 0.090689 0.165861 1.11307 0.277004 0.886142 0.981951 0.00616158 0.090689 0.165861 1.11307 0.277004 0.886142 
1.045 0.981796 0.00439856 0.0907402 0.166806 1.1048 0.307186 0.885027 0.981796 0.00439856 0.0907402 0.166806 1.1048 0.307186 0.885027 
1.05 0.98182 0.00427977 0.0903824 0.166858 1.09559 0.33707 0.883857 0.98182 0.00427977 0.0903824 0.166858 1.09559 0.33707 0.883857 
1.055 0.981612 0.00407835 0.0911036 0.167692 1.08544 0.366625 0.882635 0.981612 0.00407835 0.0911036 0.167692 1.08544 0.366625 0.882635 
1.06 0.981353 0.00406056 0.091649 0.168909 1.07438 0.395821 0.881357 0.981353 0.00406056 0.091649 0.168909 1.07438 0.395821 0.881357 
1.065 0.981189 0.00462353 0.0926108 0.169323 1.06241 0.424628 0.88002 0.981189 0.00462353 0.0926108 0.169323 1.06241 0.424628 0.88002 
1.07 0.980994 0.00457342 0.0927275 0.170383 1.04955 0.453026 0.878626 0.980994 0.00457342 0.0927275 0.170383 1.04955 0.453026 0.878626 
1.075 0.98095 0.00339313 0.0922988 0.170898 1.0358 0.480984 0.877176 0.98095 0.00339313 0.0922988 0.170898 1.0358 0.480984 0.877176 
1.08 0.980699 0.00300007 0.0934022 0.171745 1.02119 0.508465 0.875671 0.980699 0.00300007 0.0934022 0.171745 1.02119 0.508465 0.875671 
1.085 0.980546 0.00388379 0.0934096 0.172597 1.00572 0.535446 0.874116 0.980546 0.00388379 0.0934096 0.172597 1.00572 0.535446 0.874116 
1.09 0.980491 0.00356445 0.0928676 0.173206 0.98941 0.561902 0.87251 0.980491 0.00356445 0.0928676 0.173206 0.98941 0.561902 0.87251 
1.095 0.980285 0.00317461 0.0929973 0.174305 0.97229 0.587808 0.870853 0.980285 0.00317461 0.0929973 0.174305 0.97229 0.587808 0.870853 
1.1 0.980298 0.00346776 0.0927867 0.174341 0.954371 0.613139 0.869145 0.980298 0.00346776 0.0927867 0.174341 0.954371 0.613139 0.869145 
1.105 0.980296 0.00367067 0.0920959 0.174712 0.935673 0.637873 0.867387 0.980296 0.00367067 0.0920959 0.174712 0.935673 0.637873 0.867387 
1.11 0.980247 0.00391639 0.0913774 0.175358 0.916223 0.661987 0.865579 0.980247 0.00391639 0.0913774 0.175358 0.916223 0.661987 0.865579 
1.115 0.980247 0.00299998 0.0912224 0.175455 0.89604 0.685455 0.863713 0.980247 0.00299998 0.0912224 0.175455 0.89604 0.685455 0.863713 
1.12 0.980223 0.00251045 0.0922104 0.175081 0.87514 0.708255 0.861782 0.980223 0.00251045 0.0922104 0.175081 0.87514 0.708255 0.861782 
1.125 0.979958 0.00305159 0.0941374 0.17553 0.853533 0.730365 0.859789 0.979958 0.00305159 0.0941374 0.17553 0.853533 0.730365 0.859789 
1.13 0.979829 0.00282988 0.0949483 0.175819 0.831234 0.751761 0.85774 0.979829 0.00282988 0.0949483 0.175819 0.831234 0.751761 0.85774 
1.135 0.979782 0.00316077 0.0946398 0.176242 0.808271 0.772426 0.855636 0.979782 0.00316077 0.0946398 0.176242 0.808271 0.772426 0.855636 
1.14 0.979536 0.00368417 0.0942877 0.177777 0.784674 0.792336 0.853481 0.979536 0.00368417 0.0942877 0.177777 0.784674 0.792336 0.853481 
1.145 0.979381 0.00341475 0.0940682 0.178754 0.760474 0.81147 0.851277 0.979381 0.00341475 0.0940682 0.178754 0.760474 0.81147 0.851277 
1.15 0.97928 0.00347178 0.0937182 0.179488 0.735691 0.829824 0.849017 0.97928 0.00347178 0.0937182 0.179488 0.735691 0.829824 0.849017 
1.155 0.979216 0.00371571 0.0931109 0.180146 0.710334 0.847375 0.846696 0.979216 0.00371571 0.0931109 0.180146 0.710334 0.847375 0.846696 
1.16 0.979076 0.00353624 0.0934082 0.180757 0.684433 0.864101 0.844307 0.979076 0.00353624 0.0934082 0.180757 0.684433 0.864101 0.844307 
1.165 0.978807 0.00311735 0.0937273 0.182049 0.65802 0.879984 0.841851 0.978807 0.00311735 0.0937273 0.182049 0.65802 0.879984 0.841851 
1.17 0.978865 0.00208374 0.093842 0.181693 0.631115 0.895005 0.839336 0.978865 0.00208374 0.093842 0.181693 0.631115 0.895005 0.839336 
1.175 0.978843 0.00173986 0.093603 0.181937 0.603749 0.909157 0.836766 0.978843 0.00173986 0.093603 0.181937 0.603749 0.909157 0.836766 
1.18 0.978716 0.00163428 0.094162 0.182333 0.575951 0.922423 0.834135 0.978716 0.00163428 0.094162 0.182333 0.575951 0.922423 0.834135 
1.185 0.978532 0.00149249 0.0947608 0.18301 0.547748 0.934784 0.831441 0.978532 0.00149249 0.0947608 0.18301 0.547748 0.934784 0.831441 
1.19 0.978378 0.000937528 0.0952901 0.183563 0.519166 0.946232 0.828691 0.978378 0.000937528 0.0952901 0.183563 0.519166 0.946232 0.828691 
1.195 0.978195 0.00111111 0.095122 0.18462 0.490228 0.956757 0.82588 0.978195 0.00111111 0.095122 0.18462 0.490228 0.956757 0.82588 
1.2 0.978012 0.00110521 0.0946467 0.185829 0.460968 0.966348 0.823013 0.978012 0.00110521 0.0946467 0.185829 0.460968 0.966348 0.823013 
1.205 0.977788 0.00100757 0.0954061 0.186622 0.431425 0.974992 0.820088 0.977788 0.00100757 0.0954061 0.186622 0.431425 0.974992 0.820088 
1.21 0.977727 0.000630834 0.0963264 0.186469 0.401627 0.982684 0.8171 0.977727 0.000630834 0.0963264 0.186469 0.401627 0.982684 0.8171 
1.215 0.977323 0.000284806 0.0970439 0.188208 0.371601 0.989423 0.814053 0.977323 0.000284806 0.0970439 0.188208 0.371601 0.989423 0.814053 
1.22 0.977277 -0.000815759 0.0972522 0.188339 0.341375 0.9952 0.810942 0.977277 -0.000815759 0.0972522 0.188339 0.341375 0.9952 0.810942 
1.225 0.977137 -0.00036678 0.0961705 0.189619 0.310979 1.00001 0.807763 0.977137 -0.00036678 0.0961705 0.189619 0.310979 1.00001 0.807763 
1.23 0.976821 -8.3578e-05 0.0967152 0.190965 0.280446 1.00384 0.804511 0.976821 -8.3578e-05 0.0967152 0.190965 0.280446 1.00384 0.804511 
1.235 0.976516 -0.000484065 0.0982609 0.191734 0.249806 1.00669 0.801196 0.976516 -0.000484065 0.0982609 0.191734 0.249806 1.00669 0.801196 
1.24 0.976418 -0.000143678 0.0966365 0.193051 0.219081 1.00856 0.797815 0.976418 -0.000143678 0.0966365 0.193051 0.219081 1.00856 0.797815 
1.245 0.976224 -0.00136911 0.0962972 0.194193 0.188308 1.00943 0.794363 0.976224 -0.00136911 0.0962972 0.194193 0.188308 1.00943 0.794363 
1.25 0.976068 -0.00163875 0.0963581 0.194943 0.157521 1.00932 0.790845 0.976068 -0.00163875 0.0963581 0.194943 0.157521 1.00932 0.790845 
1.255 0.975745 -0.00215668 0.0971078 0.196181 0.126743 1.00823 0.787269 0.975745 -0.00215668 0.0971078 0.196181 0.126743 1.00823 0.787269 
1.26 0.975689 -0.00178369 0.0973183 0.196362 0.096009 1.00616 0.783632 0.975689 -0.00178369 0.0973183 0.196362 0.096009 1.00616 0.783632 
1.265 0.975515 -0.00173577 0.0971472 0.197306 0.0653557 1.0031 0.77993 0.975515 -0.00173577 0.0971472 0.197306 0.0653557 1.0031 0.77993 
1.27 0.975386 -0.00242674 0.096769 0.198119 0.034815 0.99907 0.776159 0.975386 -0.00242674 0.096769 0.198119 0.034815 0.99907 0.776159 
1.275 0.975411 -0.00220887 0.0963097 0.198224 0.0044173 0.99406 0.772317 0.975411 -0.00220887 0.0963097 0.198224 0.0044173 0.99406 0.772317 
1.28 0.975169 -0.00282187 0.0967095 0.19921 -0.0258098 0.988078 0.768402 0.975169 -0.00282187 0.0967095 0.19921 -0.0258098 0.988078 0.768402 
1.285 0.974944 -0.00269633 0.0961784 0.200567 -0.0558321 0.981135 0.764421 0.974944 -0.00269633 0.0961784 0.200567 -0.0558321 0.981135 0.764421 
1.29 0.97458 -0.00294296 0.0971489 0.201859 -0.0856232 0.973234 0.760384 0.97458 -0.00294296 0.0971489 0.201859 -0.0856232 0.973234 0.760384 
1.295 0.974309 -0.00232958 0.0973992 0.203054 -0.115156 0.964377 0.756284 0.974309 -0.00232958 0.0973992 0.203054 -0.115156 0.964377 0.756284 
1.3 0.974281 -0.00247915 0.0962866 0.203712 -0.144396 0.954577 0.752126 0.974281 -0.00247915 0.0962866 0.203712 -0.144396 0.954577 0.752126 
1.305 0.974363 -0.00318042 0.0959536 0.203468 -0.173305 0.943846 0.747914 0.974363 -0.00318042 0.0959536 0.203468 -0.173305 0.943846 0.747914 
1.31 0.974144 -0.00369356 0.0970685 0.203979 -0.201855 0.932192 0.743645 0.974144 -0.00369356 0.0970685 0.203979 -0.201855 0.932192 0.743645 
1.315 0.974237 -0.00375911 0.0965476 0.203782 -0.230031 0.919621 0.739318 0.974237 -0.00375911 0.0965476 0.203782 -0.230031 0.919621 0.739318 
1.32 0.973953 -0.0049722 0.0962848 0.205232 -0.257804 0.906148 0.734926 0.973953 -0.0049722 0.0962848 0.205232 -0.257804 0.906148 0.734926 
1.325 0.973591 -0.0046904 0.0969541 0.206638 -0.285149 0.891788 0.730464 0.973591 -0.0046904 0.0969541 0.206638 -0.285149 0.891788 0.730464 
1.33 0.973676 -0.00477938 0.0960162 0.206671 -0.312036 0.876552 0.725936 0.973676 -0.00477938 0.0960162 0.206671 -0.312036 0.876552 0.725936 
1.335 0.973698 -0.00500677 0.0956422 0.206738 -0.338431 0.860466 0.721345 0.973698 -0.00500677 0.0956422 0.206738 -0.338431 0.860466 0.721345 
1.34 0.973388 -0.00568713 0.0957302 0.208132 -0.364308 0.843538 0.716692 0.973388 -0.00568713 0.0957302 0.208132 -0.364308 0.843538 0.716692 
1.345 0.973232 -0.0061449 0.0961638 0.208649 -0.389644 0.825778 0.71199 0.973232 -0.0061449 0.0961638 0.208649 -0.389644 0.825778 0.71199 
1.35 0.973034 -0.00757594 0.0965018 0.209369 -0.414409 0.807209 0.70723 0.973034 -0.00757594 0.0965018 0.209369 -0.414409 0.807209 0.70723 
1.355 0.972868 -0.00801034 0.0963224 0.210203 -0.43858 0.787851 0.702408 0.972868 -0.00801034 0.0963224 0.210203 -0.43858 0.787851 0.702408 
1.36 0.972875 -0.00783515 0.0958049 0.210413 -0.462133 0.767725 0.697528 0.972875 -0.00783515 0.0958049 0.210413 -0.462133 0.767725 0.697528 
1.365 0.972804 -0.00697143 0.0957439 0.210801 -0.485053 0.746848 0.692596 0.972804 -0.00697143 0.0957439 0.210801 -0.485053 0.746848 0.692596 
1.37 0.972794 -0.00738214 0.0950873 0.21113 -0.507322 0.725243 0.687615 0.972794 -0.00738214 0.0950873 0.21113 -0.507322 0.725243 0.687615 
1.375 0.972536 -0.00812011 0.0956876 0.212017 -0.528911 0.702922 0.682579 0.972536 -0.00812011 0.0956876 0.212017 -0.528911 0.702922 0.682579 
1.38 0.972291 -0.00867452 0.0955966 0.213159 -0.549792 0.679904 0.677493 0.972291 -0.00867452 0.0955966 0.213159 -0.549792 0.679904 0.677493 
1.385 0.97215 -0.00908406 0.0954021 0.213871 -0.569939 0.656215 0.672364 0.97215 -0.00908406 0.0954021 0.213871 -0.569939 0.656215 0.672364 
1.39 0.971992 -0.0092785 0.0952199 0.214659 -0.589327 0.631881 0.667182 0.971992 -0.0092785 0.0952199 0.214659 -0.589327 0.631881 0.667182 
1.395 0.971825 -0.0097519 0.0957694 0.215151 -0.607945 0.606922 0.661946 0.971825 -0.0097519 0.0957694 0.215151 -0.607945 0.606922 0.661946 
1.4 0.971828 -0.0109013 0.0956319 0.215142 -0.625777 0.581361 0.656653 0.971828 -0.0109013 0.0956319 0.215142 -0.625777 0.581361 0.656653 
1.405 0.971592 -0.0104786 0.0959052 0.216106 -0.642803 0.555231 0.651306 0.971592 -0.0104786 0.0959052 0.216106 -0.642803 0.555231 0.651306 
1.41 0.971482 -0.0109824 0.0952188 0.216877 -0.659007 0.528554 0.645912 0.971482 -0.0109824 0.0952188 0.216877 -0.659007 0.528554 0.645912 
1.415 0.971342 -0.0110474 0.0959094 0.217196 -0.674376 0.50135 0.640465 0.971342 -0.0110474 0.0959094 0.217196 -0.674376 0.50135 0.640465 
1.42 0.971359 -0.0105167 0.0956524 0.217261 -0.688895 0.473654 0.634966 0.971359 -0.0105167 0.0956524 0.217261 -0.688895 0.473654 0.634966 
1.425 0.971149 -0.0110743 0.0961182 0.217965 -0.702543 0.445489 0.629418 0.971149 -0.0110743 0.0961182 0.217965 -0.702543 0.445489 0.629418 
1.43 0.97084 -0.0110899 0.0964488 0.21919 -0.715307 0.416882 0.623818 0.97084 -0.0110899 0.0964488 0.21919 -0.715307 0.416882 0.623818 
1.435 0.970745 -0.0107197 0.0960114 0.219821 -0.727175 0.387862 0.618167 0.970745 -0.0107197 0.0960114 0.219821 -0.727175 0.387862 0.618167 
1.44 0.97052 -0.0113805 0.096571 0.220533 -0.738132 0.358456 0.612469 0.97052 -0.0113805 0.096571 0.220533 -0.738132 0.358456 0.612469 
1.445 0.970338 -0.0119518 0.0969074 0.221156 -0.748171 0.32869 0.606718 0.970338 -0.0119518 0.0969074 0.221156 -0.748171 0.32869 0.606718 
1.45 0.970097 -0.0126383 0.0970574 0.222107 -0.75728 0.298595 0.600919 0.970097 -0.0126383 0.0970574 0.222107 -0.75728 0.298595 0.600919 
1.455 0.969959 -0.0128889 0.0979005 0.222327 -0.765447 0.268201 0.595079 0.969959 -0.0128889 0.0979005 0.222327 -0.765447 0.268201 0.595079 
1.46 0.969858 -0.0139955 0.0977234 0.222779 -0.772663 0.237534 0.589188 0.969858 -0.0139955 0.0977234 0.222779 -0.772663 0.237534 0.589188 
1.465 0.969477 -0.0145221 0.0980479 0.224253 -0.778916 0.206626 0.583244 0.969477 -0.0145221 0.0980479 0.224253 -0.778916 0.206626 0.583244 
1.47 0.969323 -0.0154259 0.0976612 0.225026 -0.784199 0.175519 0.577246 0.969323 -0.0154259 0.0976612 0.225026 -0.784199 0.175519 0.577246 
1.475 0.968987 -0.0157182 0.0973392 0.226588 -0.788513 0.144242 0.571198 0.968987 -0.0157182 0.0973392 0.226588 -0.788513 0.144242 0.571198 
1.48 0.968804 -0.0169274 0.0974186 0.227251 -0.791852 0.112817 0.565102 0.968804 -0.0169274 0.0974186 0.227251 -0.791852 0.112817 0.565102 
1.485 0.968725 -0.0168229 0.0972769 0.227651 -0.79421 0.0812796 0.558963 0.968725 -0.0168229 0.0972769 0.227651 -0.79421 0.0812796 0.558963 
1.49 0.968462 -0.0170636 0.0972426 0.228767 -0.795576 0.0496586 0.552786 0.968462 -0.0170636 0.0972426 0.228767 -0.795576 0.0496586 0.552786 
1.495 0.968461 -0.017443 0.0968447 0.22891 -0.795952 0.0179782 0.546571 0.968461 -0.017443 0.0968447 0.22891 -0.795952 0.0179782 0.546571 
1.5 0.968257 -0.0178001 0.0966577 0.229824 -0.795349 -0.0137284 0.540315 0.968257 -0.0178001 0.0966577 0.229824 -0.795349 -0.0137284 0.540315 
1.505 0.967944 -0.0175191 0.0963173 0.231302 -0.793768 -0.0454256 0.534024 0.967944 -0.0175191 0.0963173 0.231302 -0.793768 -0.0454256 0.534024 
1.51 0.967552 -0.0178822 0.0973202 0.23249 -0.791203 -0.0770779 0.5277 0.967552 -0.0178822 0.0973202 0.23249 -0.791203 -0.0770779 0.5277 
1.515 0.967482 -0.0180877 0.0975477 0.232669 -0.787659 -0.108658 0.521339 0.967482 -0.0180877 0.0975477 0.232669 -0.787659 -0.108658 0.521339 
1.52 0.967394 -0.0188794 0.0966161 0.233361 -0.78314 -0.140139 0.51494 0.967394 -0.0188794 0.0966161 0.233361 -0.78314 -0.140139 0.51494 
1.525 0.967402 -0.0191483 0.0953877 0.233813 -0.777649 -0.171487 0.508499 0.967402 -0.0191483 0.0953877 0.233813 -0.777649 -0.171487 0.508499 
1.53 0.967479 -0.0195712 0.0947816 0.233703 -0.771186 -0.202669 0.502016 0.967479 -0.0195712 0.0947816 0.233703 -0.771186 -0.202669 0.502016 
1.535 0.967409 -0.0201578 0.0955232 0.233642 -0.763755 -0.233663 0.495489 0.967409 -0.0201578 0.0955232 0.233642 -0.763755 -0.233663 0.495489 
1.54 0.967017 -0.021231 0.0961363 0.234914 -0.755362 -0.264441 0.488916 0.967017 -0.021231 0.0961363 0.234914 -0.755362 -0.264441 0.488916 
1.545 0.96692 -0.0219174 0.0958551 0.235366 -0.746017 -0.29497 0.482301 0.96692 -0.0219174 0.0958551 0.235366 -0.746017 -0.29497 0.482301 
1.55 0.966938 -0.0213585 0.0961334 0.235229 -0.735735 -0.325217 0.475645 0.966938 -0.0213585 0.0961334 0.235229 -0.735735 -0.325217 0.475645 
1.555 0.966902 -0.0205307 0.0958027 0.235587 -0.724512 -0.355153 0.468951 0.966902 -0.0205307 0.0958027 0.235587 -0.724512 -0.355153 0.468951 
1.56 0.966674 -0.0213225 0.0954506 0.23659 -0.712353 -0.384751 0.462217 0.966674 -0.0213225 0.0954506 0.23659 -0.712353 -0.384751 0.462217 
1.565 0.96642 -0.0216235 0.0965246 0.237168 -0.699276 -0.413982 0.455444 0.96642 -0.0216235 0.0965246 0.237168 -0.699276 -0.413982 0.455444 
1.57 0.966169 -0.0223208 0.0973014 0.237804 -0.685294 -0.442821 0.448632 0.966169 -0.0223208 0.0973014 0.237804 -0.685294 -0.442821 0.448632 
1.575 0.966137 -0.0231355 0.0965863 0.238151 -0.670423 -0.471234 0.44178 0.966137 -0.0231355 0.0965863 0.238151 -0.670423 -0.471234 0.44178 
1.58 0.965938 -0.0237337 0.0959241 0.239164 -0.654671 -0.499187 0.434884 0.965938 -0.0237337 0.0959241 0.239164 -0.654671 -0.499187 0.434884 
1.585 0.965619 -0.0233392 0.0952569 0.24075 -0.638051 -0.526659 0.427942 0.965619 -0.0233392 0.0952569 0.24075 -0.638051 -0.526659 0.427942 
1.59 0.96564 -0.0242813 0.0946427 0.240817 -0.620581 -0.553627 0.420958 0.96564 -0.0242813 0.0946427 0.240817 -0.620581 -0.553627 0.420958 
1.595 0.965548 -0.025135 0.0940667 0.241324 -0.602276 -0.580071 0.413944 0.965548 -0.025135 0.0940667 0.241324 -0.602276 -0.580071 0.413944 
1.6 0.965542 -0.0255722 0.0937104 0.241438 -0.583159 -0.605963 0.406907 0.965542 -0.0255722 0.0937104 0.241438 -0.583159 -0.605963 0.406907 
1.605 0.965552 -0.0256259 0.092625 0.241814 -0.563252 -0.631274 0.399845 0.965552 -0.0256259 0.092625 0.241814 -0.563252 -0.631274 0.399845 
1.61 0.965335 -0.025958 0.0935011 0.242306 -0.542574 -0.655977 0.392755 0.965335 -0.025958 0.0935011 0.242306 -0.542574 -0.655977 0.392755 
1.615 0.965287 -0.026866 0.093705 0.24232 -0.521136 -0.68005 0.385631 0.965287 -0.026866 0.093705 0.24232 -0.521136 -0.68005 0.385631 
1.62 0.965138 -0.0273253 0.0940629 0.242721 -0.498954 -0.70347 0.378467 0.965138 -0.0273253 0.0940629 0.242721 -0.498954 -0.70347 0.378467 
1.625 0.96486 -0.0284544 0.0941309 0.243671 -0.476051 -0.726214 0.37126 0.96486 -0.0284544 0.0941309 0.243671 -0.476051 -0.726214 0.37126 
1.63 0.964858 -0.0290491 0.0930986 0.244002 -0.452453 -0.748257 0.364016 0.964858 -0.0290491 0.0930986 0.244002 -0.452453 -0.748257 0.364016 
1.635 0.964754 -0.0299057 0.0924813 0.244544 -0.428183 -0.769576 0.356727 0.964754 -0.0299057 0.0924813 0.244544 -0.428183 -0.769576 0.356727 
1.64 0.9647 -0.029505 0.0927404 0.24471 -0.403259 -0.790148 0.349394 0.9647 -0.029505 0.0927404 0.24471 -0.403259 -0.790148 0.349394 
1.645 0.964479 -0.0305196 0.0924038 0.245581 -0.377701 -0.80996 0.342025 0.964479 -0.0305196 0.0924038 0.245581 -0.377701 -0.80996 0.342025 
1.65 0.964097 -0.0319262 0.0924874 0.246866 -0.351535 -0.828994 0.334621 0.964097 -0.0319262 0.0924874 0.246866 -0.351535 -0.828994 0.334621 
1.655 0.963806 -0.0329326 0.0927192 0.247785 -0.324791 -0.847237 0.327183 0.963806 -0.0329326 0.0927192 0.247785 -0.324791 -0.847237 0.327183 
1.66 0.963595 -0.0323851 0.0929123 0.248603 -0.297492 -0.864663 0.319711 0.963595 -0.0323851 0.0929123 0.248603 -0.297492 -0.864663 0.319711 
1.665 0.96351 -0.0329948 0.0930271 0.248809 -0.269659 -0.881254 0.312201 0.96351 -0.0329948 0.0930271 0.248809 -0.269659 -0.881254 0.312201 
1.67 0.963253 -0.0343725 0.0933648 0.24949 -0.241321 -0.896988 0.304661 0.963253 -0.0343725 0.0933648 0.24949 -0.241321 -0.896988 0.304661 
1.675 0.96309 -0.0344765 0.092791 0.250318 -0.212506 -0.911849 0.297094 0.96309 -0.0344765 0.092791 0.250318 -0.212506 -0.911849 0.297094 
1.68 0.962893 -0.0343387 0.0928567 0.251069 -0.18324 -0.92583 0.289498 0.962893 -0.0343387 0.0928567 0.251069 -0.18324 -0.92583 0.289498 
1.685 0.962769 -0.0341789 0.092589 0.251666 -0.153556 -0.938924 0.281871 0.962769 -0.0341789 0.092589 0.251666 -0.153556 -0.938924 0.281871 
1.69 0.962216 -0.0341058 0.0931299 0.253582 -0.123479 -0.95112 0.274215 0.962216 -0.0341058 0.0931299 0.253582 -0.123479 -0.95112 0.274215 
1.695 0.962014 -0.0338784 0.0917902 0.254865 -0.0930441 -0.9624 0.266535 0.962014 -0.0338784 0.0917902 0.254865 -0.0930441 -0.9624 0.266535 
1.7 0.961627 -0.0345916 0.0917663 0.256233 -0.0622844 -0.972753 0.258821 0.961627 -0.0345916 0.0917663 0.256233 -0.0622844 -0.972753 0.258821 
1.705 0.961465 -0.0349423 0.0919206 0.256739 -0.0312326 -0.982166 0.251067 0.961465 -0.0349423 0.0919206 0.256739 -0.0312326 -0.982166 0.251067 
1.71 0.961295 -0.0350442 0.0914957 0.257511 8.86764e-05 -0.990628 0.243281 0.961295 -0.0350442 0.0914957 0.257511 8.86764e-05 -0.990628 0.243281 
1.715 0.960914 -0.0347865 0.0919838 0.258793 0.0316613 -0.998134 0.235473 0.960914 -0.0347865 0.0919838 0.258793 0.0316613 -0.998134 0.235473 
1.72 0.960627 -0.0354108 0.0926302 0.259542 0.0634545 -1.00468 0.227647 0.960627 -0.0354108 0.0926302 0.259542 0.0634545 -1.00468 0.227647 
1.725 0.96073 -0.0352882 0.0924789 0.259229 0.0954314 -1.01027 0.219795 0.96073 -0.0352882 0.0924789 0.259229 0.0954314 -1.01027 0.219795 
1.73 0.960846 -0.0356427 0.0912605 0.259183 0.127566 -1.01487 0.211908 0.960846 -0.0356427 0.0912605 0.259183 0.127566 -1.01487 0.211908 
1.735 0.960456 -0.0367846 0.0908547 0.260609 0.159828 -1.01849 0.203986 0.960456 -0.0367846 0.0908547 0.260609 0.159828 -1.01849 0.203986 
1.74 0.960486 -0.0371024 0.0893623 0.26097 0.192183 -1.02111 0.196037 0.960486 -0.0371024 0.0893623 0.26097 0.192183 -1.02111 0.196037 
1.745 0.960161 -0.036378 0.0899281 0.26207 0.2246 -1.02275 0.188061 0.960161 -0.036378 0.0899281 0.26207 0.2246 -1.02275 0.188061 
1.75 0.959953 -0.0367337 0.0901264 0.262713 0.257057 -1.02339 0.180057 0.959953 -0.0367337 0.0901264 0.262713 0.257057 -1.02339 0.180057 
1.755 0.95988 -0.0368352 0.089808 0.263074 0.289525 -1.02306 0.172034 0.95988 -0.0368352 0.089808 0.263074 0.289525 -1.02306 0.172034 
1.76 0.959627 -0.0372422 0.0903958 0.263738 0.321968 -1.02173 0.163994 0.959627 -0.0372422 0.0903958 0.263738 0.321968 -1.02173 0.163994 
1.765 0.959375 -0.03796 0.0906643 0.264458 0.35435 -1.01942 0.155934 0.959375 -0.03796 0.0906643 0.264458 0.35435 -1.01942 0.155934 
1.77 0.959237 -0.0381332 0.0902524 0.265075 0.386633 -1.01612 0.147852 0.959237 -0.0381332 0.0902524 0.265075 0.386633 -1.01612 0.147852 
1.775 0.958995 -0.038904 0.0902258 0.265848 0.418786 -1.01184 0.139741 0.958995 -0.038904 0.0902258 0.265848 0.418786 -1.01184 0.139741 
1.78 0.958706 -0.0413301 0.0898598 0.266646 0.450788 -1.00659 0.131596 0.958706 -0.0413301 0.0898598 0.266646 0.450788 -1.00659 0.131596 
1.785 0.958469 -0.0425901 0.090146 0.267202 0.482611 -1.00036 0.123413 0.958469 -0.0425901 0.090146 0.267202 0.482611 -1.00036 0.123413 
1.79 0.958427 -0.0428329 0.0896057 0.267496 0.514218 -0.99317 0.115197 0.958427 -0.0428329 0.0896057 0.267496 0.514218 -0.99317 0.115197 
1.795 0.958481 -0.0435377 0.0890147 0.267386 0.545575 -0.985018 0.106953 0.958481 -0.0435377 0.0890147 0.267386 0.545575 -0.985018 0.106953 
1.8 0.958199 -0.0454802 0.089406 0.267942 0.576659 -0.975912 0.0986755 0.958199 -0.0454802 0.089406 0.267942 0.576659 -0.975912 0.0986755 
1.805 0.958006 -0.0462267 0.0881414 0.268922 0.607444 -0.965864 0.0903684 0.958006 -0.0462267 0.0881414 0.268922 0.607444 -0.965864 0.0903684 
1.81 0.957699 -0.0464735 0.0883186 0.269912 0.637896 -0.954883 0.082027 0.957699 -0.0464735 0.0883186 0.269912 0.637896 -0.954883 0.082027 
1.815 0.957572 -0.0465452 0.088016 0.270448 0.667983 -0.942978 0.0736467 0.957572 -0.0465452 0.088016 0.270448 0.667983 -0.942978 0.0736467 
1.82 0.957231 -0.0472923 0.0875696 0.271668 0.697676 -0.930155 0.0652316 0.957231 -0.0472923 0.0875696 0.271668 0.697676 -0.930155 0.0652316 
1.825 0.956928 -0.0482636 0.0873872 0.272624 0.726954 -0.916423 0.05678 0.956928 -0.0482636 0.0873872 0.272624 0.726954 -0.916423 0.05678 
1.83 0.956626 -0.0494703 0.0868907 0.273623 0.755785 -0.901797 0.0482859 0.956626 -0.0494703 0.0868907 0.273623 0.755785 -0.901797 0.0482859 
1.835 0.956287 -0.04968 0.0868459 0.274781 0.784141 -0.886299 0.0397465 0.956287 -0.04968 0.0868459 0.274781 0.784141 -0.886299 0.0397465 
1.84 0.955908 -0.0508217 0.0876241 0.275642 0.811999 -0.869943 0.0311708 0.955908 -0.0508217 0.0876241 0.275642 0.811999 -0.869943 0.0311708 
1.845 0.955371 -0.0509708 0.0885601 0.277174 0.839334 -0.852742 0.0225682 0.955371 -0.0509708 0.0885601 0.277174 0.839334 -0.852742 0.0225682 
1.85 0.955023 -0.0510622 0.0886565 0.278322 0.866118 -0.834719 0.0139355 0.955023 -0.0510622 0.0886565 0.278322 0.866118 -0.834719 0.0139355 
1.855 0.954983 -0.0509371 0.0876791 0.278791 0.89233 -0.815893 0.0052685 0.954983 -0.0509371 0.0876791 0.278791 0.89233 -0.815893 0.0052685 
1.86 0.9548 -0.0511762 0.0875041 0.279429 0.917941 -0.796277 -0.00343073 0.9548 -0.0511762 0.0875041 0.279429 0.917941 -0.796277 -0.00343073 
1.865 0.954584 -0.0516004 0.086795 0.280309 0.942926 -0.775902 -0.0121601 0.954584 -0.0516004 0.086795 0.280309 0.942926 -0.775902 -0.0121601 
1.87 0.954301 -0.0509136 0.0871155 0.281298 0.967258 -0.75479 -0.0209208 0.954301 -0.0509136 0.0871155 0.281298 0.967258 -0.75479 -0.0209208 
1.875 0.954127 -0.051386 0.087608 0.281649 0.990911 -0.732954 -0.0297148 0.954127 -0.051386 0.087608 0.281649 0.990911 -0.732954 -0.0297148 
1.88 0.953749 -0.0513061 0.0877238 0.282905 1.01386 -0.710415 -0.0385328 0.953749 -0.0513061 0.0877238 0.282905 1.01386 -0.710415 -0.0385328 
1.885 0.953417 -0.0514941 0.0874404 0.284074 1.03609 -0.68719 -0.04737 0.953417 -0.0514941 0.0874404 0.284074 1.03609 -0.68719 -0.04737 
1.89 0.953141 -0.0515346 0.0872495 0.285051 1.05759 -0.663301 -0.0562321 0.953141 -0.0515346 0.0872495 0.285051 1.05759 -0.663301 -0.0562321 
1.895 0.952915 -0.0521292 0.0871479 0.28573 1.07833 -0.638782 -0.0651133 0.952915 -0.0521292 0.0871479 0.28573 1.07833 -0.638782 -0.0651133 
1.9 0.952537 -0.0533193 0.0861655 0.287065 1.09829 -0.613665 -0.074017 0.952537 -0.0533193 0.0861655 0.287065 1.09829 -0.613665 -0.074017 
1.905 0.952524 -0.0528269 0.0851444 0.287503 1.11745 -0.587968 -0.082945 0.952524 -0.0528269 0.0851444 0.287503 1.11745 -0.587968 -0.082945 
1.91 0.952257 -0.0535681 0.0854435 0.288162 1.1358 -0.561709 -0.0918894 0.952257 -0.0535681 0.0854435 0.288162 1.1358 -0.561709 -0.0918894 
1.915 0.95168 -0.0550093 0.0851127 0.289889 1.15331 -0.534921 -0.100855 0.95168 -0.0550093 0.0851127 0.289889 1.15331 -0.534921 -0.100855 
1.92 0.951747 -0.0550526 0.0844379 0.289857 1.16998 -0.507631 -0.109842 0.951747 -0.0550526 0.0844379 0.289857 1.16998 -0.507631 -0.109842 
1.925 0.951698 -0.0549525 0.0836704 0.29026 1.18577 -0.47986 -0.118852 0.951698 -0.0549525 0.0836704 0.29026 1.18577 -0.47986 -0.118852 
1.93 0.951732 -0.0548451 0.0832587 0.290287 1.20068 -0.451631 -0.12789 0.951732 -0.0548451 0.0832587 0.290287 1.20068 -0.451631 -0.12789 
1.935 0.95152 -0.0553693 0.0824372 0.291116 1.21471 -0.422972 -0.136946 0.95152 -0.0553693 0.0824372 0.291116 1.21471 -0.422972 -0.136946 
1.94 0.951583 -0.0554918 0.0818443 0.291052 1.22784 -0.393915 -0.146017 0.951583 -0.0554918 0.0818443 0.291052 1.22784 -0.393915 -0.146017 
1.945 0.951368 -0.055737 0.0812241 0.291883 1.24006 -0.364485 -0.155111 0.951368 -0.055737 0.0812241 0.291883 1.24006 -0.364485 -0.155111 
1.95 0.951338 -0.0555756 0.0806296 0.292175 1.25136 -0.334715 -0.164229 0.951338 -0.0555756 0.0806296 0.292175 1.25136 -0.334715 -0.164229 
1.955 0.951156 -0.056277 0.0810716 0.292509 1.26172 -0.304631 -0.173366 0.951156 -0.056277 0.0810716 0.292509 1.26172 -0.304631 -0.173366 
1.96 0.951049 -0.0563199 0.0807988 0.292926 1.27112 -0.274267 -0.182522 0.951049 -0.0563199 0.0807988 0.292926 1.27112 -0.274267 -0.182522 
1.965 0.950478 -0.0563702 0.0804041 0.294871 1.27956 -0.243655 -0.191704 0.950478 -0.0563702 0.0804041 0.294871 1.27956 -0.243655 -0.191704 
1.97 0.950067 -0.056578 0.0793387 0.29644 1.28704 -0.212814 -0.200905 0.950067 -0.056578 0.0793387 0.29644 1.28704 -0.212814 -0.200905 
1.975 0.949942 -0.0578497 0.0789767 0.296692 1.29354 -0.181774 -0.210126 0.949942 -0.0578497 0.0789767 0.296692 1.29354 -0.181774 -0.210126 
1.98 0.9497 -0.0573671 0.0787695 0.297615 1.29905 -0.150572 -0.219366 0.9497 -0.0573671 0.0787695 0.297615 1.29905 -0.150572 -0.219366 
1.985 0.949214 -0.0571752 0.0776516 0.299488 1.30358 -0.119239 -0.228625 0.949214 -0.0571752 0.0776516 0.299488 1.30358 -0.119239 -0.228625 
1.99 0.948938 -0.0569137 0.0778707 0.300356 1.30712 -0.0878028 -0.237905 0.948938 -0.0569137 0.0778707 0.300356 1.30712 -0.0878028 -0.237905 
1.995 0.948507 -0.0573379 0.0780352 0.30159 1.30967 -0.0562989 -0.247204 0.948507 -0.0573379 0.0780352 0.30159 1.30967 -0.0562989 -0.247204 
2 0.948591 -0.0573474 0.0786498 0.301164 1.31123 -0.0247598 -0.256512 0.948591 -0.0573474 0.0786498 0.301164 1.31123 -0.0247598 -0.256512 
