0.998706 0.0507372 0.0013493 0.00305045 6.99999 5.01259 5.03141 -0.109476 2.65445 5.2486 -0.0653548 -0.0677636 -0.010014 -2.13303 -1.52536 -0.856254 
0.998705 0.0505398 0.00212435 0.00546215 6.99994 5.02521 5.06281 -0.109476 2.65445 5.2486 -0.0653548 -0.0677636 -0.010014 -2.13303 -1.52536 -0.856254 
0.998655 0.0510848 0.00322447 0.00820195 6.99987 5.03786 5.09415 -0.109476 2.65445 5.2486 -0.0653548 -0.0677636 -0.010014 -2.13303 -1.52536 -0.856254 
0.998618 0.0511908 0.00278338 0.0115387 6.99976 5.05056 5.1254 -0.109476 2.65445 5.2486 -0.0653548 -0.0677636 -0.010014 -2.13303 -1.52536 -0.856254 
0.998515 0.0520464 0.00405172 0.0155882 6.99963 5.0633 5.15654 -0.109476 2.65445 5.2486 -0.0653548 -0.0677636 -0.010014 -2.13303 -1.52536 -0.856254 
0.998438 0.0523672 0.00418329 0.0190152 6.99947 5.07607 5.18754 -0.109476 2.65445 5.2486 -0.0653548 -0.0677636 -0.010014 -2.13303 -1.52536 -0.856254 
0.998341 0.0528894 0.00538878 0.0220883 6.99929 5.08887 5.21836 -0.109476 2.65445 5.2486 -0.0653548 -0.0677636 -0.010014 -2.13303 -1.52536 -0.856254 
0.998265 0.0528899 0.0052469 0.0253109 6.99909 5.10171 5.24899 -0.109476 2.65445 5.2486 -0.0653548 -0.0677636 -0.010014 -2.13303 -1.52536 -0.856254 
0.998215 0.0524097 0.00597454 0.0280117 6.99887 5.11458 5.2794 -0.109476 2.65445 5.2486 -0.0653548 -0.0677636 -0.010014 -2.13303 -1.52536 -0.856254 
0.998139 0.0523591 0.00745873 0.0303328 6.99862 5.12748 5.30954 -0.109476 2.65445 5.2486 -0.0653548 -0.0677636 -0.010014 -2.13303 -1.52536 -0.856254 
0.998032 0.0525482 0.00848798 0.0331259 6.99835 5.14041 5.33939 -0.109476 2.65445 5.2486 -0.0653548 -0.0677636 -0.010014 -2.13303 -1.52536 -0.856254 
0.997916 0.0528167 0.00959931 0.0357881 6.99804 5.15338 5.36891 -0.109476 2.65445 5.2486 -0.0653548 -0.0677636 -0.010014 -2.13303 -1.52536 -0.856254 
0.997775 0.0527948 0.0109581 0.0392079 6.99772 5.16639 5.39808 -0.109476 2.65445 5.2486 -0.0653548 -0.0677636 -0.010014 -2.13303 -1.52536 -0.856254 
0.997623 0.0531395 0.0118587 0.0422236 6.99736 5.17944 5.42688 -0.109476 2.65445 5.2486 -0.0653548 -0.0677636 -0.010014 -2.13303 -1.52536 -0.856254 
0.997455 0.0532185 0.0134642 0.0454924 6.99697 5.19252 5.45527 -0.109476 2.65445 5.2486 -0.0653548 -0.0677636 -0.010014 -2.13303 -1.52536 -0.856254 
0.997333 0.0528176 0.0139636 0.0483839 6.99656 5.20564 5.48322 -0.109476 2.65445 5.2486 -0.0653548 -0.0677636 -0.010014 -2.13303 -1.52536 -0.856254 
0.997217 0.0518731 0.0145753 0.0515182 6.99611 5.21879 5.5107 -0.109476 2.65445 5.2486 -0.0653548 -0.0677636 -0.010014 -2.13303 -1.52536 -0.856254 
0.996992 0.0524965 0.0154887 0.0548747 6.99564 5.23198 5.53769 -0.109476 2.65445 5.2486 -0.0653548 -0.0677636 -0.010014 -2.13303 -1.52536 -0.856254 
0.99688 0.0519068 0.0159863 0.0572712 6.99514 5.2452 5.56416 -0.109476 2.65445 5.2486 -0.0653548 -0.0677636 -0.010014 -2.13303 -1.52536 -0.856254 
0.996636 0.0523656 0.0173401 0.0606049 6.9946 5.25845 5.5901 -0.109476 2.65445 5.2486 -0.0653548 -0.0677636 -0.010014 -2.13303 -1.52536 -0.856254 
0.996389 0.0527013 0.0184319 0.063969 6.99394 5.27166 5.6154 -0.963853 2.1957 1.66361 -0.0295145 0.129805 -0.0602889 5.74556 3.54 4.76342 
0.996139 0.0528405 0.0184189 0.0676466 6.99305 5.28477 5.63997 -0.963853 2.1957 1.66361 -0.0295145 0.129805 -0.0602889 5.74556 3.54 4.76342 
0.995958 0.0521833 0.0192271 0.0705339 6.99195 5.29778 5.66379 -0.963853 2.1957 1.66361 -0.0295145 0.129805 -0.0602889 5.74556 3.54 4.76342 
0.995696 0.0521681 0.0191389 0.0741688 6.99064 5.31069 5.68682 -0.963853 2.1957 1.66361 -0.0295145 0.129805 -0.0602889 5.74556 3.54 4.76342 
0.995331 0.0513815 0.0197887 0.0792725 6.98911 5.32349 5.70904 -0.963853 2.1957 1.66361 -0.0295145 0.129805 -0.0602889 5.74556 3.54 4.76342 
0.995087 0.050742 0.020678 0.0824513 6.98737 5.33618 5.73042 -0.963853 2.1957 1.66361 -0.0295145 0.129805 -0.0602889 5.74556 3.54 4.76342 
0.994748 0.0515451 0.0224453 0.0855302 6.98541 5.34877 5.75095 -0.963853 2.1957 1.66361 -0.0295145 0.129805 -0.0602889 5.74556 3.54 4.76342 
0.994436 0.0506002 0.0227471 0.0895522 6.98325 5.36125 5.77062 -0.963853 2.1957 1.66361 -0.0295145 0.129805 -0.0602889 5.74556 3.54 4.76342 
0.994201 0.0496492 0.0234712 0.0924567 6.98086 5.37361 5.78939 -0.963853 2.1957 1.66361 -0.0295145 0.129805 -0.0602889 5.74556 3.54 4.76342 
0.993888 0.049533 0.0234674 0.0958184 6.97826 5.38585 5.80725 -0.963853 2.1957 1.66361 -0.0295145 0.129805 -0.0602889 5.74556 3.54 4.76342 
0.993583 0.0490051 0.0233534 0.0992289 6.97544 5.39797 5.82418 -0.963853 2.1957 1.66361 -0.0295145 0.129805 -0.0602889 5.74556 3.54 4.76342 
0.993329 0.0481585 0.0247517 0.101812 6.9724 5.40998 5.84016 -0.963853 2.1957 1.66361 -0.0295145 0.129805 -0.0602889 5.74556 3.54 4.76342 
0.993014 0.0483113 0.0256406 0.104549 6.96915 5.42186 5.85517 -0.963853 2.1957 1.66361 -0.0295145 0.129805 -0.0602889 5.74556 3.54 4.76342 
0.992632 0.0490756 0.0269447 0.107453 6.96569 5.43362 5.86921 -0.963853 2.1957 1.66361 -0.0295145 0.129805 -0.0602889 5.74556 3.54 4.76342 
0.992149 0.0501795 0.0274286 0.111223 6.96202 5.44526 5.88226 -0.963853 2.1957 1.66361 -0.0295145 0.129805 -0.0602889 5.74556 3.54 4.76342 
0.991736 0.0505752 0.0284503 0.114423 6.95814 5.45679 5.8943 -0.963853 2.1957 1.66361 -0.0295145 0.129805 -0.0602889 5.74556 3.54 4.76342 
0.991481 0.0496005 0.0284535 0.117028 6.95405 5.46821 5.90532 -0.963853 2.1957 1.66361 -0.0295145 0.129805 -0.0602889 5.74556 3.54 4.76342 
0.991073 0.0501525 0.0280637 0.120299 6.94974 5.47949 5.9153 -0.963853 2.1957 1.66361 -0.0295145 0.129805 -0.0602889 5.74556 3.54 4.76342 
0.990614 0.0505413 0.028592 0.123741 6.94524 5.49065 5.92424 -0.963853 2.1957 1.66361 -0.0295145 0.129805 -0.0602889 5.74556 3.54 4.76342 
0.990297 0.0505003 0.0293109 0.126106 6.94053 5.50169 5.93212 -0.963853 2.1957 1.66361 -0.0295145 0.129805 -0.0602889 5.74556 3.54 4.76342 
0.989901 0.0498754 0.0298042 0.129306 6.93575 5.5127 5.93906 -0.68293 2.53918 -1.7389 -0.123381 -0.0285387 -0.0629588 -6.74629 -2.59944 -4.89668 
0.989437 0.0494584 0.0295422 0.133021 6.93104 5.52379 5.94516 -0.68293 2.53918 -1.7389 -0.123381 -0.0285387 -0.0629588 -6.74629 -2.59944 -4.89668 
0.989124 0.0487881 0.0301402 0.13544 6.92642 5.53495 5.95042 -0.68293 2.53918 -1.7389 -0.123381 -0.0285387 -0.0629588 -6.74629 -2.59944 -4.89668 
0.988492 0.0488254 0.0308876 0.139802 6.92187 5.54619 5.95485 -0.68293 2.53918 -1.7389 -0.123381 -0.0285387 -0.0629588 -6.74629 -2.59944 -4.89668 
0.988016 0.0490691 0.0311426 0.142989 6.91739 5.55751 5.95842 -0.68293 2.53918 -1.7389 -0.123381 -0.0285387 -0.0629588 -6.74629 -2.59944 -4.89668 
0.987482 0.0487106 0.0313854 0.146699 6.91298 5.5689 5.96113 -0.68293 2.53918 -1.7389 -0.123381 -0.0285387 -0.0629588 -6.74629 -2.59944 -4.89668 
0.987043 0.0489157 0.0324594 0.149332 6.90863 5.58039 5.96297 -0.68293 2.53918 -1.7389 -0.123381 -0.0285387 -0.0629588 -6.74629 -2.59944 -4.89668 
0.986549 0.0488403 0.0338817 0.152272 6.90436 5.59196 5.96394 -0.68293 2.53918 -1.7389 -0.123381 -0.0285387 -0.0629588 -6.74629 -2.59944 -4.89668 
0.985964 0.0499141 0.034245 0.155595 6.90016 5.60361 5.96405 -0.68293 2.53918 -1.7389 -0.123381 -0.0285387 -0.0629588 -6.74629 -2.59944 -4.89668 
0.985438 0.0497749 0.0348777 0.158802 6.89603 5.61535 5.96329 -0.68293 2.53918 -1.7389 -0.123381 -0.0285387 -0.0629588 -6.74629 -2.59944 -4.89668 
0.984852 0.0489188 0.0360574 0.162394 6.89198 5.62718 5.96167 -0.68293 2.53918 -1.7389 -0.123381 -0.0285387 -0.0629588 -6.74629 -2.59944 -4.89668 
0.984176 0.0490697 0.0370237 0.166188 6.88799 5.63909 5.95919 -0.68293 2.53918 -1.7389 -0.123381 -0.0285387 -0.0629588 -6.74629 -2.59944 -4.89668 
0.983486 0.0488817 0.037813 0.170103 6.88407 5.65108 5.95584 -0.68293 2.53918 -1.7389 -0.123381 -0.0285387 -0.0629588 -6.74629 -2.59944 -4.89668 
0.983085 0.048684 0.0380314 0.172414 6.88021 5.66318 5.95164 -0.68293 2.53918 -1.7389 -0.123381 -0.0285387 -0.0629588 -6.74629 -2.59944 -4.89668 
0.982654 0.0488609 0.0383482 0.174735 6.87642 5.67536 5.94657 -0.68293 2.53918 -1.7389 -0.123381 -0.0285387 -0.0629588 -6.74629 -2.59944 -4.89668 
0.981922 0.0496417 0.0385235 0.17855 6.8727 5.68763 5.94065 -0.68293 2.53918 -1.7389 -0.123381 -0.0285387 -0.0629588 -6.74629 -2.59944 -4.89668 
0.981167 0.0491436 0.0402617 0.182414 6.86906 5.7 5.93389 -0.68293 2.53918 -1.7389 -0.123381 -0.0285387 -0.0629588 -6.74629 -2.59944 -4.89668 
0.980574 0.0493091 0.0400209 0.185582 6.86549 5.71245 5.92629 -0.68293 2.53918 -1.7389 -0.123381 -0.0285387 -0.0629588 -6.74629 -2.59944 -4.89668 
0.980142 0.0498293 0.0412066 0.187458 6.86199 5.72501 5.91786 -0.68293 2.53918 -1.7389 -0.123381 -0.0285387 -0.0629588 -6.74629 -2.59944 -4.89668 
0.979474 0.0501194 0.0424628 0.190566 6.85854 5.73766 5.9086 -0.68293 2.53918 -1.7389 -0.123381 -0.0285387 -0.0629588 -6.74629 -2.59944 -4.89668 
0.979053 0.0493515 0.0429078 0.192814 6.855 5.75028 5.8984 -1.59935 1.83614 -5.4204 0.0586693 0.026061 -0.00146693 7.74179 3.29866 5.37359 
0.978281 0.0480308 0.0431642 0.196965 6.85122 5.76275 5.88714 -1.59935 1.83614 -5.4204 0.0586693 0.026061 -0.00146693 7.74179 3.29866 5.37359 
0.977758 0.0478982 0.0428815 0.199641 6.8472 5.77505 5.87484 -1.59935 1.83614 -5.4204 0.0586693 0.026061 -0.00146693 7.74179 3.29866 5.37359 
0.977007 0.0480643 0.0432674 0.203163 6.84293 5.78719 5.86152 -1.59935 1.83614 -5.4204 0.0586693 0.026061 -0.00146693 7.74179 3.29866 5.37359 
0.9764 0.0480975 0.043945 0.20591 6.83843 5.79917 5.8472 -1.59935 1.83614 -5.4204 0.0586693 0.026061 -0.00146693 7.74179 3.29866 5.37359 
0.975718 0.0474456 0.0450688 0.209026 6.83371 5.81097 5.83188 -1.59935 1.83614 -5.4204 0.0586693 0.026061 -0.00146693 7.74179 3.29866 5.37359 
0.975072 0.0467481 0.0437386 0.212451 6.82875 5.82261 5.81557 -1.59935 1.83614 -5.4204 0.0586693 0.026061 -0.00146693 7.74179 3.29866 5.37359 
0.974424 0.0461812 0.043531 0.215566 6.82356 5.83407 5.7983 -1.59935 1.83614 -5.4204 0.0586693 0.026061 -0.00146693 7.74179 3.29866 5.37359 
0.973467 0.0458921 0.0447854 0.219657 6.81814 5.84536 5.78008 -1.59935 1.83614 -5.4204 0.0586693 0.026061 -0.00146693 7.74179 3.29866 5.37359 
0.97292 0.0454032 0.0447002 0.222187 6.8125 5.85647 5.76093 -1.59935 1.83614 -5.4204 0.0586693 0.026061 -0.00146693 7.74179 3.29866 5.37359 
0.972171 0.0448165 0.0454183 0.225416 6.80662 5.86741 5.74086 -1.59935 1.83614 -5.4204 0.0586693 0.026061 -0.00146693 7.74179 3.29866 5.37359 
0.971371 0.0441173 0.0466691 0.228721 6.80051 5.87818 5.7199 -1.59935 1.83614 -5.4204 0.0586693 0.026061 -0.00146693 7.74179 3.29866 5.37359 
0.970716 0.0436774 0.046183 0.231667 6.79417 5.88877 5.69806 -1.59935 1.83614 -5.4204 0.0586693 0.026061 -0.00146693 7.74179 3.29866 5.37359 
0.969985 0.042966 0.0460913 0.234857 6.78761 5.89917 5.67536 -1.59935 1.83614 -5.4204 0.0586693 0.026061 -0.00146693 7.74179 3.29866 5.37359 
0.969138 0.0427463 0.047135 0.238165 6.78083 5.90939 5.65182 -1.59935 1.83614 -5.4204 0.0586693 0.026061 -0.00146693 7.74179 3.29866 5.37359 
0.968441 0.0418835 0.0479072 0.240981 6.77385 5.91942 5.62747 -1.59935 1.83614 -5.4204 0.0586693 0.026061 -0.00146693 7.74179 3.29866 5.37359 
0.96769 0.0411731 0.0485046 0.243982 6.76664 5.92927 5.60234 -1.59935 1.83614 -5.4204 0.0586693 0.026061 -0.00146693 7.74179 3.29866 5.37359 
0.967009 0.0408917 0.0498883 0.246441 6.75921 5.93893 5.57644 -1.59935 1.83614 -5.4204 0.0586693 0.026061 -0.00146693 7.74179 3.29866 5.37359 
0.965822 0.0403225 0.0505895 0.251003 6.75156 5.9484 5.54979 -1.59935 1.83614 -5.4204 0.0586693 0.026061 -0.00146693 7.74179 3.29866 5.37359 
0.965181 0.0397071 0.050378 0.253594 6.74369 5.95767 5.52243 -1.59935 1.83614 -5.4204 0.0586693 0.026061 -0.00146693 7.74179 3.29866 5.37359 
0.964431 0.0395323 0.0516234 0.256212 6.73576 5.96688 5.4945 -1.26057 2.22449 -6.07523 0.0616091 -0.107996 0.010489 -7.54944 -2.02422 -6.52635 
0.963557 0.0382218 0.0522712 0.259546 6.72791 5.9762 5.46618 -1.26057 2.22449 -6.07523 0.0616091 -0.107996 0.010489 -7.54944 -2.02422 -6.52635 
0.962789 0.0378841 0.0524087 0.262404 6.72015 5.98561 5.4375 -1.26057 2.22449 -6.07523 0.0616091 -0.107996 0.010489 -7.54944 -2.02422 -6.52635 
0.962141 0.0371449 0.0538347 0.264586 6.71248 5.9951 5.40848 -1.26057 2.22449 -6.07523 0.0616091 -0.107996 0.010489 -7.54944 -2.02422 -6.52635 
0.961312 0.0365083 0.0538256 0.267671 6.7049 6.00468 5.37914 -1.26057 2.22449 -6.07523 0.0616091 -0.107996 0.010489 -7.54944 -2.02422 -6.52635 
0.96042 0.0362335 0.0548391 0.27069 6.6974 6.01435 5.34951 -1.26057 2.22449 -6.07523 0.0616091 -0.107996 0.010489 -7.54944 -2.02422 -6.52635 
0.959373 0.0361554 0.0565986 0.274031 6.68999 6.02413 5.31963 -1.26057 2.22449 -6.07523 0.0616091 -0.107996 0.010489 -7.54944 -2.02422 -6.52635 
0.958626 0.03647 0.057 0.276509 6.68267 6.034 5.28952 -1.26057 2.22449 -6.07523 0.0616091 -0.107996 0.010489 -7.54944 -2.02422 -6.52635 
0.957663 0.0362713 0.0571768 0.279816 6.67543 6.04396 5.25922 -1.26057 2.22449 -6.07523 0.0616091 -0.107996 0.010489 -7.54944 -2.02422 -6.52635 
0.956671 0.0351961 0.058221 0.283111 6.66828 6.05401 5.22876 -1.26057 2.22449 -6.07523 0.0616091 -0.107996 0.010489 -7.54944 -2.02422 -6.52635 
0.955552 0.03548 0.0593695 0.286594 6.66121 6.06416 5.19815 -1.26057 2.22449 -6.07523 0.0616091 -0.107996 0.010489 -7.54944 -2.02422 -6.52635 
0.954583 0.0348655 0.0609153 0.289561 6.65423 6.07441 5.16743 -1.26057 2.22449 -6.07523 0.0616091 -0.107996 0.010489 -7.54944 -2.02422 -6.52635 
0.953721 0.0339469 0.0615581 0.292358 6.64731 6.08476 5.13664 -1.26057 2.22449 -6.07523 0.0616091 -0.107996 0.010489 -7.54944 -2.02422 -6.52635 
0.952922 0.0334341 0.0619648 0.294925 6.64048 6.09522 5.10579 -1.26057 2.22449 -6.07523 0.0616091 -0.107996 0.010489 -7.54944 -2.02422 -6.52635 
0.951923 0.0336676 0.0627821 0.297939 6.63374 6.10579 5.07491 -1.26057 2.22449 -6.07523 0.0616091 -0.107996 0.010489 -7.54944 -2.02422 -6.52635 
0.951032 0.0332547 0.0636014 0.300642 6.62708 6.11646 5.04405 -1.26057 2.22449 -6.07523 0.0616091 -0.107996 0.010489 -7.54944 -2.02422 -6.52635 
0.950212 0.0329372 0.0639601 0.303184 6.62052 6.12723 5.01322 -1.26057 2.22449 -6.07523 0.0616091 -0.107996 0.010489 -7.54944 -2.02422 -6.52635 
0.949302 0.0317827 0.0645373 0.306022 6.61404 6.1381 4.98247 -1.26057 2.22449 -6.07523 0.0616091 -0.107996 0.010489 -7.54944 -2.02422 -6.52635 
0.948499 0.0309556 0.0647815 0.308535 6.60764 6.14907 4.95182 -1.26057 2.22449 -6.07523 0.0616091 -0.107996 0.010489 -7.54944 -2.02422 -6.52635 
0.947783 0.0303716 0.0647847 0.310786 6.60132 6.16014 4.92131 -1.26057 2.22449 -6.07523 0.0616091 -0.107996 0.010489 -7.54944 -2.02422 -6.52635 
0.946561 0.0297478 0.0651999 0.31446 6.59496 6.17119 4.89085 -1.86964 1.59535 -5.27435 0.0694526 -0.128622 0.0171193 5.33849 0.98223 3.91112 
0.945553 0.029194 0.0660235 0.317361 6.58843 6.18208 4.86034 -1.86964 1.59535 -5.27435 0.0694526 -0.128622 0.0171193 5.33849 0.98223 3.91112 
0.944485 0.0292181 0.067396 0.320236 6.58174 6.19283 4.82983 -1.86964 1.59535 -5.27435 0.0694526 -0.128622 0.0171193 5.33849 0.98223 3.91112 
0.943453 0.0279862 0.0675667 0.323337 6.57488 6.20343 4.79934 -1.86964 1.59535 -5.27435 0.0694526 -0.128622 0.0171193 5.33849 0.98223 3.91112 
0.94268 0.0269333 0.0683411 0.325511 6.56785 6.21386 4.7689 -1.86964 1.59535 -5.27435 0.0694526 -0.128622 0.0171193 5.33849 0.98223 3.91112 
0.941456 0.0261565 0.0686116 0.32904 6.56065 6.22414 4.73855 -1.86964 1.59535 -5.27435 0.0694526 -0.128622 0.0171193 5.33849 0.98223 3.91112 
0.940701 0.0261261 0.0699433 0.330916 6.55331 6.23427 4.70832 -1.86964 1.59535 -5.27435 0.0694526 -0.128622 0.0171193 5.33849 0.98223 3.91112 
0.939431 0.025964 0.0705667 0.334387 6.5458 6.24425 4.67824 -1.86964 1.59535 -5.27435 0.0694526 -0.128622 0.0171193 5.33849 0.98223 3.91112 
0.938405 0.0250489 0.0711843 0.337195 6.53814 6.25406 4.64833 -1.86964 1.59535 -5.27435 0.0694526 -0.128622 0.0171193 5.33849 0.98223 3.91112 
0.937045 0.0250257 0.07164 0.340864 6.53033 6.26372 4.61864 -1.86964 1.59535 -5.27435 0.0694526 -0.128622 0.0171193 5.33849 0.98223 3.91112 
0.93611 0.0244774 0.0729412 0.343188 6.52237 6.27321 4.58919 -1.86964 1.59535 -5.27435 0.0694526 -0.128622 0.0171193 5.33849 0.98223 3.91112 
0.935098 0.0233705 0.0741595 0.345754 6.51427 6.28256 4.56 -1.86964 1.59535 -5.27435 0.0694526 -0.128622 0.0171193 5.33849 0.98223 3.91112 
0.933592 0.0226836 0.0747882 0.349712 6.50602 6.29175 4.5311 -1.86964 1.59535 -5.27435 0.0694526 -0.128622 0.0171193 5.33849 0.98223 3.91112 
0.932612 0.0222961 0.0752948 0.352232 6.49762 6.30078 4.50251 -1.86964 1.59535 -5.27435 0.0694526 -0.128622 0.0171193 5.33849 0.98223 3.91112 
0.93143 0.0222829 0.0759103 0.355216 6.48908 6.30965 4.47426 -1.86964 1.59535 -5.27435 0.0694526 -0.128622 0.0171193 5.33849 0.98223 3.91112 
0.93008 0.0219404 0.077321 0.358457 6.48039 6.31835 4.44639 -1.86964 1.59535 -5.27435 0.0694526 -0.128622 0.0171193 5.33849 0.98223 3.91112 
0.928948 0.0210289 0.0769685 0.361509 6.47156 6.32689 4.4189 -1.86964 1.59535 -5.27435 0.0694526 -0.128622 0.0171193 5.33849 0.98223 3.91112 
0.927755 0.0200454 0.0776342 0.364475 6.4626 6.33526 4.39185 -1.86964 1.59535 -5.27435 0.0694526 -0.128622 0.0171193 5.33849 0.98223 3.91112 
0.926717 0.018482 0.0775815 0.367199 6.4535 6.34346 4.36527 -1.86964 1.59535 -5.27435 0.0694526 -0.128622 0.0171193 5.33849 0.98223 3.91112 
0.925193 0.0179334 0.0777389 0.371016 6.44426 6.35149 4.33918 -1.86964 1.59535 -5.27435 0.0694526 -0.128622 0.0171193 5.33849 0.98223 3.91112 
0.923743 0.0166956 0.0793132 0.374339 6.43497 6.35946 4.31368 -1.74937 1.79987 -1.74255 0.0457039 -0.059494 -0.109514 -4.19569 -1.46434 -4.5429 
0.922459 0.0175411 0.080656 0.377168 6.4257 6.36748 4.28892 -1.74937 1.79987 -1.74255 0.0457039 -0.059494 -0.109514 -4.19569 -1.46434 -4.5429 
0.921201 0.0173104 0.0801555 0.380348 6.41646 6.37554 4.26489 -1.74937 1.79987 -1.74255 0.0457039 -0.059494 -0.109514 -4.19569 -1.46434 -4.5429 
0.920181 0.0169081 0.0811106 0.382624 6.40726 6.38366 4.24163 -1.74937 1.79987 -1.74255 0.0457039 -0.059494 -0.109514 -4.19569 -1.46434 -4.5429 
0.918933 0.0162723 0.0814309 0.385572 6.39809 6.39182 4.21917 -1.74937 1.79987 -1.74255 0.0457039 -0.059494 -0.109514 -4.19569 -1.46434 -4.5429 
0.917553 0.0154821 0.0815514 0.388851 6.38895 6.40004 4.19753 -1.74937 1.79987 -1.74255 0.0457039 -0.059494 -0.109514 -4.19569 -1.46434 -4.5429 
0.916648 0.0154271 0.0816983 0.390952 6.37984 6.40833 4.17672 -1.74937 1.79987 -1.74255 0.0457039 -0.059494 -0.109514 -4.19569 -1.46434 -4.5429 
0.915103 0.014798 0.0815127 0.394617 6.37076 6.41667 4.15677 -1.74937 1.79987 -1.74255 0.0457039 -0.059494 -0.109514 -4.19569 -1.46434 -4.5429 
0.914179 0.0148084 0.0822044 0.396611 6.36171 6.42506 4.1377 -1.74937 1.79987 -1.74255 0.0457039 -0.059494 -0.109514 -4.19569 -1.46434 -4.5429 
0.913134 0.0141655 0.0822994 0.399013 6.35268 6.43351 4.11953 -1.74937 1.79987 -1.74255 0.0457039 -0.059494 -0.109514 -4.19569 -1.46434 -4.5429 
0.911532 0.0143881 0.082997 0.402509 6.34369 6.44202 4.10229 -1.74937 1.79987 -1.74255 0.0457039 -0.059494 -0.109514 -4.19569 -1.46434 -4.5429 
0.910177 0.0138959 0.0834989 0.405477 6.33474 6.45057 4.08597 -1.74937 1.79987 -1.74255 0.0457039 -0.059494 -0.109514 -4.19569 -1.46434 -4.5429 
0.908516 0.0123223 0.0832747 0.409281 6.32583 6.45917 4.0706 -1.74937 1.79987 -1.74255 0.0457039 -0.059494 -0.109514 -4.19569 -1.46434 -4.5429 
0.907134 0.0119219 0.083677 0.412267 6.31694 6.46781 4.05619 -1.74937 1.79987 -1.74255 0.0457039 -0.059494 -0.109514 -4.19569 -1.46434 -4.5429 
0.905787 0.012132 0.0833584 0.415275 6.30808 6.47651 4.04276 -1.74937 1.79987 -1.74255 0.0457039 -0.059494 -0.109514 -4.19569 -1.46434 -4.5429 
0.904275 0.0121664 0.0837074 0.418487 6.29924 6.48525 4.03031 -1.74937 1.79987 -1.74255 0.0457039 -0.059494 -0.109514 -4.19569 -1.46434 -4.5429 
0.902975 0.0122484 0.0834092 0.421341 6.29043 6.49404 4.01887 -1.74937 1.79987 -1.74255 0.0457039 -0.059494 -0.109514 -4.19569 -1.46434 -4.5429 
0.901479 0.0114406 0.0840454 0.42443 6.28166 6.50288 4.00844 -1.74937 1.79987 -1.74255 0.0457039 -0.059494 -0.109514 -4.19569 -1.46434 -4.5429 
0.900099 0.0103453 0.0834346 0.427495 6.27291 6.51177 3.99903 -1.74937 1.79987 -1.74255 0.0457039 -0.059494 -0.109514 -4.19569 -1.46434 -4.5429 
0.898703 0.00937071 0.083741 0.430386 6.26418 6.52071 3.99068 -1.74937 1.79987 -1.74255 0.0457039 -0.059494 -0.109514 -4.19569 -1.46434 -4.5429 
0.89719 0.00849682 0.0835718 0.433581 6.2554 6.52957 3.98326 -2.29377 1.0463 1.72197 -0.0327338 -0.0365663 -0.0670327 6.20827 -0.472717 5.21194 
0.895667 0.00795884 0.0839816 0.43665 6.24647 6.53825 3.9767 -2.29377 1.0463 1.72197 -0.0327338 -0.0365663 -0.0670327 6.20827 -0.472717 5.21194 
0.893962 0.00679276 0.0843021 0.440089 6.23739 6.54675 3.97099 -2.29377 1.0463 1.72197 -0.0327338 -0.0365663 -0.0670327 6.20827 -0.472717 5.21194 
0.892335 0.00671277 0.0852259 0.443203 6.22815 6.55508 3.96614 -2.29377 1.0463 1.72197 -0.0327338 -0.0365663 -0.0670327 6.20827 -0.472717 5.21194 
0.891232 0.00607779 0.0856386 0.445347 6.21877 6.56323 3.96216 -2.29377 1.0463 1.72197 -0.0327338 -0.0365663 -0.0670327 6.20827 -0.472717 5.21194 
0.889874 0.00553728 0.085458 0.448096 6.20925 6.57119 3.95904 -2.29377 1.0463 1.72197 -0.0327338 -0.0365663 -0.0670327 6.20827 -0.472717 5.21194 
0.888031 0.00554226 0.0858809 0.451657 6.19959 6.57896 3.9568 -2.29377 1.0463 1.72197 -0.0327338 -0.0365663 -0.0670327 6.20827 -0.472717 5.21194 
0.886161 0.00467274 0.0866972 0.45517 6.18978 6.58655 3.95543 -2.29377 1.0463 1.72197 -0.0327338 -0.0365663 -0.0670327 6.20827 -0.472717 5.21194 
0.88462 0.00357064 0.0876249 0.457991 6.17983 6.59395 3.95494 -2.29377 1.0463 1.72197 -0.0327338 -0.0365663 -0.0670327 6.20827 -0.472717 5.21194 
0.883054 0.00315576 0.0883289 0.460871 6.16975 6.60116 3.95534 -2.29377 1.0463 1.72197 -0.0327338 -0.0365663 -0.0670327 6.20827 -0.472717 5.21194 
0.881573 0.0020751 0.0884032 0.463692 6.15952 6.60818 3.95662 -2.29377 1.0463 1.72197 -0.0327338 -0.0365663 -0.0670327 6.20827 -0.472717 5.21194 
0.880069 0.00196853 0.0884485 0.466531 6.14916 6.61501 3.95878 -2.29377 1.0463 1.72197 -0.0327338 -0.0365663 -0.0670327 6.20827 -0.472717 5.21194 
0.87803 0.00170125 0.0897757 0.470107 6.13867 6.62166 3.96182 -2.29377 1.0463 1.72197 -0.0327338 -0.0365663 -0.0670327 6.20827 -0.472717 5.21194 
0.876403 0.00131266 0.0909556 0.472908 6.12804 6.62811 3.96574 -2.29377 1.0463 1.72197 -0.0327338 -0.0365663 -0.0670327 6.20827 -0.472717 5.21194 
0.87476 0.000715066 0.0911879 0.475898 6.11728 6.63438 3.97055 -2.29377 1.0463 1.72197 -0.0327338 -0.0365663 -0.0670327 6.20827 -0.472717 5.21194 
0.873569 0.000837596 0.091492 0.478021 6.10641 6.64046 3.97623 -2.29377 1.0463 1.72197 -0.0327338 -0.0365663 -0.0670327 6.20827 -0.472717 5.21194 
0.872575 0.000116974 0.0918877 0.479758 6.09542 6.64634 3.98277 -2.29377 1.0463 1.72197 -0.0327338 -0.0365663 -0.0670327 6.20827 -0.472717 5.21194 
0.870829 -0.000211673 0.09136 0.483021 6.0843 6.65201 3.99015 -2.29377 1.0463 1.72197 -0.0327338 -0.0365663 -0.0670327 6.20827 -0.472717 5.21194 
0.868985 -0.00173526 0.0918002 0.486245 6.07305 6.65748 3.99838 -2.29377 1.0463 1.72197 -0.0327338 -0.0365663 -0.0670327 6.20827 -0.472717 5.21194 
0.867457 -0.00229627 0.0926017 0.488812 6.06169 6.66275 4.00745 -2.29377 1.0463 1.72197 -0.0327338 -0.0365663 -0.0670327 6.20827 -0.472717 5.21194 
0.865976 -0.00281981 0.0924132 0.491463 6.05028 6.66793 4.01743 -2.21478 1.15459 5.20069 0.0634642 -0.0124843 -0.000549022 -3.05243 -0.753422 -3.47718 
0.864729 -0.00378641 0.0923854 0.493653 6.03889 6.67313 4.02841 -2.21478 1.15459 5.20069 0.0634642 -0.0124843 -0.000549022 -3.05243 -0.753422 -3.47718 
0.863358 -0.0053624 0.0922988 0.496048 6.02753 6.67835 4.04036 -2.21478 1.15459 5.20069 0.0634642 -0.0124843 -0.000549022 -3.05243 -0.753422 -3.47718 
0.861936 -0.00703761 0.0925635 0.498447 6.0162 6.6836 4.0533 -2.21478 1.15459 5.20069 0.0634642 -0.0124843 -0.000549022 -3.05243 -0.753422 -3.47718 
0.859791 -0.00699711 0.0931878 0.502023 6.00489 6.68888 4.06719 -2.21478 1.15459 5.20069 0.0634642 -0.0124843 -0.000549022 -3.05243 -0.753422 -3.47718 
0.857726 -0.0074645 0.0931278 0.505546 5.99361 6.69418 4.08203 -2.21478 1.15459 5.20069 0.0634642 -0.0124843 -0.000549022 -3.05243 -0.753422 -3.47718 
0.855937 -0.00880028 0.0939705 0.508394 5.98234 6.69951 4.09779 -2.21478 1.15459 5.20069 0.0634642 -0.0124843 -0.000549022 -3.05243 -0.753422 -3.47718 
0.854255 -0.00915096 0.0941024 0.511184 5.97109 6.70487 4.11448 -2.21478 1.15459 5.20069 0.0634642 -0.0124843 -0.000549022 -3.05243 -0.753422 -3.47718 
0.852906 -0.0104044 0.0944471 0.513344 5.95987 6.71025 4.13207 -2.21478 1.15459 5.20069 0.0634642 -0.0124843 -0.000549022 -3.05243 -0.753422 -3.47718 
0.851201 -0.0109065 0.0943137 0.51618 5.94867 6.71567 4.15055 -2.21478 1.15459 5.20069 0.0634642 -0.0124843 -0.000549022 -3.05243 -0.753422 -3.47718 
0.849364 -0.0112323 0.0948078 0.519101 5.93749 6.72111 4.16989 -2.21478 1.15459 5.20069 0.0634642 -0.0124843 -0.000549022 -3.05243 -0.753422 -3.47718 
0.847777 -0.012338 0.094792 0.521666 5.92633 6.72659 4.19008 -2.21478 1.15459 5.20069 0.0634642 -0.0124843 -0.000549022 -3.05243 -0.753422 -3.47718 
0.8462 -0.0132199 0.0948189 0.524194 5.91519 6.73209 4.21109 -2.21478 1.15459 5.20069 0.0634642 -0.0124843 -0.000549022 -3.05243 -0.753422 -3.47718 
0.844611 -0.0137211 0.0957357 0.526572 5.90406 6.73762 4.23292 -2.21478 1.15459 5.20069 0.0634642 -0.0124843 -0.000549022 -3.05243 -0.753422 -3.47718 
0.843177 -0.0146765 0.0949064 0.528988 5.89295 6.74317 4.25552 -2.21478 1.15459 5.20069 0.0634642 -0.0124843 -0.000549022 -3.05243 -0.753422 -3.47718 
0.841253 -0.0158235 0.094337 0.532111 5.88186 6.74875 4.27889 -2.21478 1.15459 5.20069 0.0634642 -0.0124843 -0.000549022 -3.05243 -0.753422 -3.47718 
0.839094 -0.0178339 0.0945151 0.535415 5.87078 6.75436 4.30299 -2.21478 1.15459 5.20069 0.0634642 -0.0124843 -0.000549022 -3.05243 -0.753422 -3.47718 
0.837803 -0.0182309 0.0945907 0.537407 5.85972 6.75999 4.32779 -2.21478 1.15459 5.20069 0.0634642 -0.0124843 -0.000549022 -3.05243 -0.753422 -3.47718 
0.835705 -0.0188508 0.094972 0.540575 5.84866 6.76566 4.3533 -2.21478 1.15459 5.20069 0.0634642 -0.0124843 -0.000549022 -3.05243 -0.753422 -3.47718 
0.833548 -0.0196149 0.0950323 0.543858 5.83762 6.77135 4.37948 -2.21478 1.15459 5.20069 0.0634642 -0.0124843 -0.000549022 -3.05243 -0.753422 -3.47718 
0.831793 -0.018881 0.0952727 0.546523 5.82659 6.77703 4.40625 -2.22719 0.816681 6.31209 -0.0195352 -0.0759473 0.17016 0.316586 0.997463 1.62874 
0.83008 -0.0197385 0.0956323 0.549028 5.81555 6.78263 4.43353 -2.22719 0.816681 6.31209 -0.0195352 -0.0759473 0.17016 0.316586 0.997463 1.62874 
0.828485 -0.0209785 0.0948703 0.551517 5.80452 6.78816 4.46129 -2.22719 0.816681 6.31209 -0.0195352 -0.0759473 0.17016 0.316586 0.997463 1.62874 
0.82756 -0.0218855 0.094776 0.552885 5.79347 6.7936 4.4895 -2.22719 0.816681 6.31209 -0.0195352 -0.0759473 0.17016 0.316586 0.997463 1.62874 
0.825654 -0.0232815 0.0945454 0.555711 5.78242 6.79896 4.51814 -2.22719 0.816681 6.31209 -0.0195352 -0.0759473 0.17016 0.316586 0.997463 1.62874 
0.824432 -0.0239443 0.0949113 0.557432 5.77136 6.80423 4.54717 -2.22719 0.816681 6.31209 -0.0195352 -0.0759473 0.17016 0.316586 0.997463 1.62874 
0.822493 -0.0242999 0.0961535 0.560062 5.76031 6.80941 4.57657 -2.22719 0.816681 6.31209 -0.0195352 -0.0759473 0.17016 0.316586 0.997463 1.62874 
0.820671 -0.0252448 0.0958587 0.562737 5.74926 6.81451 4.6063 -2.22719 0.816681 6.31209 -0.0195352 -0.0759473 0.17016 0.316586 0.997463 1.62874 
0.819022 -0.0251978 0.0967941 0.564977 5.7382 6.81954 4.63635 -2.22719 0.816681 6.31209 -0.0195352 -0.0759473 0.17016 0.316586 0.997463 1.62874 
0.817735 -0.0264115 0.0967038 0.566797 5.72715 6.82447 4.66668 -2.22719 0.816681 6.31209 -0.0195352 -0.0759473 0.17016 0.316586 0.997463 1.62874 
0.815991 -0.0270495 0.0973164 0.569172 5.71608 6.82932 4.69728 -2.22719 0.816681 6.31209 -0.0195352 -0.0759473 0.17016 0.316586 0.997463 1.62874 
0.814103 -0.0282205 0.0974571 0.571788 5.70501 6.83409 4.7281 -2.22719 0.816681 6.31209 -0.0195352 -0.0759473 0.17016 0.316586 0.997463 1.62874 
0.812342 -0.0292853 0.0975132 0.574224 5.69394 6.83877 4.75911 -2.22719 0.816681 6.31209 -0.0195352 -0.0759473 0.17016 0.316586 0.997463 1.62874 
0.810719 -0.0304142 0.0978473 0.576399 5.68285 6.84335 4.79027 -2.22719 0.816681 6.31209 -0.0195352 -0.0759473 0.17016 0.316586 0.997463 1.62874 
0.808708 -0.0308739 0.0979167 0.579181 5.67175 6.84785 4.82156 -2.22719 0.816681 6.31209 -0.0195352 -0.0759473 0.17016 0.316586 0.997463 1.62874 
0.806663 -0.0320441 0.0981559 0.581922 5.66065 6.85225 4.85297 -2.22719 0.816681 6.31209 -0.0195352 -0.0759473 0.17016 0.316586 0.997463 1.62874 
0.804804 -0.0330832 0.0984978 0.584374 5.64956 6.85656 4.88445 -2.22719 0.816681 6.31209 -0.0195352 -0.0759473 0.17016 0.316586 0.997463 1.62874 
0.803021 -0.0336987 0.0981235 0.586849 5.63846 6.86078 4.91596 -2.22719 0.816681 6.31209 -0.0195352 -0.0759473 0.17016 0.316586 0.997463 1.62874 
0.801377 -0.0343244 0.0977611 0.589117 5.62735 6.86491 4.94749 -2.22719 0.816681 6.31209 -0.0195352 -0.0759473 0.17016 0.316586 0.997463 1.62874 
0.799658 -0.0359292 0.0985042 0.59123 5.61623 6.86894 4.979 -2.22719 0.816681 6.31209 -0.0195352 -0.0759473 0.17016 0.316586 0.997463 1.62874 
0.797701 -0.0362744 0.0988581 0.593788 5.60506 6.87287 5.01045 -2.6441 0.301282 4.96333 0.0986929 -0.0201653 -0.0273918 2.27382 -2.56535 2.87868 
0.79527 -0.0367699 0.0989209 0.596999 5.59379 6.87668 5.0418 -2.6441 0.301282 4.96333 0.0986929 -0.0201653 -0.0273918 2.27382 -2.56535 2.87868 
0.793704 -0.0372906 0.0979814 0.599201 5.58241 6.88036 5.07302 -2.6441 0.301282 4.96333 0.0986929 -0.0201653 -0.0273918 2.27382 -2.56535 2.87868 
0.792082 -0.0387882 0.0977946 0.60128 5.57092 6.88392 5.10408 -2.6441 0.301282 4.96333 0.0986929 -0.0201653 -0.0273918 2.27382 -2.56535 2.87868 
0.789439 -0.0387367 0.0976597 0.60477 5.55933 6.88736 5.13496 -2.6441 0.301282 4.96333 0.0986929 -0.0201653 -0.0273918 2.27382 -2.56535 2.87868 
0.787312 -0.0396683 0.0982829 0.607377 5.54762 6.89068 5.16561 -2.6441 0.301282 4.96333 0.0986929 -0.0201653 -0.0273918 2.27382 -2.56535 2.87868 
0.785338 -0.0403035 0.0985407 0.609844 5.5358 6.89387 5.19601 -2.6441 0.301282 4.96333 0.0986929 -0.0201653 -0.0273918 2.27382 -2.56535 2.87868 
0.78349 -0.0405384 0.0965216 0.612521 5.5239 6.89694 5.22612 -2.6441 0.301282 4.96333 0.0986929 -0.0201653 -0.0273918 2.27382 -2.56535 2.87868 
0.781327 -0.0412685 0.0962663 0.61527 5.51189 6.89987 5.25592 -2.6441 0.301282 4.96333 0.0986929 -0.0201653 -0.0273918 2.27382 -2.56535 2.87868 
0.77962 -0.0414167 0.0960022 0.617463 5.49978 6.90267 5.28538 -2.6441 0.301282 4.96333 0.0986929 -0.0201653 -0.0273918 2.27382 -2.56535 2.87868 
0.77797 -0.0418109 0.0953822 0.61961 5.48756 6.90533 5.31448 -2.6441 0.301282 4.96333 0.0986929 -0.0201653 -0.0273918 2.27382 -2.56535 2.87868 
0.775966 -0.0421163 0.0946829 0.622204 5.47523 6.90786 5.34318 -2.6441 0.301282 4.96333 0.0986929 -0.0201653 -0.0273918 2.27382 -2.56535 2.87868 
0.77405 -0.0423404 0.0947275 0.624563 5.46279 6.91027 5.37144 -2.6441 0.301282 4.96333 0.0986929 -0.0201653 -0.0273918 2.27382 -2.56535 2.87868 
0.772239 -0.043629 0.0955481 0.626589 5.45025 6.91254 5.39925 -2.6441 0.301282 4.96333 0.0986929 -0.0201653 -0.0273918 2.27382 -2.56535 2.87868 
0.770852 -0.0440053 0.0946745 0.6284 5.43761 6.91468 5.42657 -2.6441 0.301282 4.96333 0.0986929 -0.0201653 -0.0273918 2.27382 -2.56535 2.87868 
0.768728 -0.0444958 0.0940373 0.631058 5.42487 6.9167 5.45338 -2.6441 0.301282 4.96333 0.0986929 -0.0201653 -0.0273918 2.27382 -2.56535 2.87868 
0.766686 -0.0451282 0.0934433 0.63358 5.41203 6.91858 5.47965 -2.6441 0.301282 4.96333 0.0986929 -0.0201653 -0.0273918 2.27382 -2.56535 2.87868 
0.764701 -0.0450782 0.0927055 0.636086 5.39908 6.92033 5.50533 -2.6441 0.301282 4.96333 0.0986929 -0.0201653 -0.0273918 2.27382 -2.56535 2.87868 
0.762866 -0.0454675 0.091998 0.63836 5.38603 6.92193 5.53042 -2.6441 0.301282 4.96333 0.0986929 -0.0201653 -0.0273918 2.27382 -2.56535 2.87868 
0.760723 -0.0462099 0.0914185 0.640942 5.37289 6.92341 5.55489 -2.6441 0.301282 4.96333 0.0986929 -0.0201653 -0.0273918 2.27382 -2.56535 2.87868 
0.758147 -0.046603 0.0913775 0.643965 5.35973 6.9248 5.57874 -2.34604 0.194118 1.95661 -0.0456565 -0.0131442 0.0903975 -2.55469 3.12934 -1.72986 
0.756322 -0.0472588 0.0913426 0.646064 5.34665 6.92617 5.60199 -2.34604 0.194118 1.95661 -0.0456565 -0.0131442 0.0903975 -2.55469 3.12934 -1.72986 
0.754226 -0.0473882 0.0905676 0.64861 5.33365 6.9275 5.62463 -2.34604 0.194118 1.95661 -0.0456565 -0.0131442 0.0903975 -2.55469 3.12934 -1.72986 
0.752657 -0.0486204 0.0909483 0.650286 5.32073 6.92882 5.64663 -2.34604 0.194118 1.95661 -0.0456565 -0.0131442 0.0903975 -2.55469 3.12934 -1.72986 
0.750029 -0.0501609 0.0912127 0.653162 5.30788 6.93011 5.66797 -2.34604 0.194118 1.95661 -0.0456565 -0.0131442 0.0903975 -2.55469 3.12934 -1.72986 
0.748619 -0.0506111 0.0912651 0.654735 5.2951 6.93137 5.68863 -2.34604 0.194118 1.95661 -0.0456565 -0.0131442 0.0903975 -2.55469 3.12934 -1.72986 
0.746799 -0.0515287 0.0917324 0.656674 5.2824 6.93261 5.70858 -2.34604 0.194118 1.95661 -0.0456565 -0.0131442 0.0903975 -2.55469 3.12934 -1.72986 
0.744582 -0.0512644 0.0911254 0.659291 5.26977 6.93382 5.72782 -2.34604 0.194118 1.95661 -0.0456565 -0.0131442 0.0903975 -2.55469 3.12934 -1.72986 
0.743151 -0.0521857 0.0904344 0.660927 5.25722 6.935 5.74631 -2.34604 0.194118 1.95661 -0.0456565 -0.0131442 0.0903975 -2.55469 3.12934 -1.72986 
0.740833 -0.0530898 0.090323 0.663467 5.24475 6.93614 5.76404 -2.34604 0.194118 1.95661 -0.0456565 -0.0131442 0.0903975 -2.55469 3.12934 -1.72986 
0.739295 -0.0534342 0.0907346 0.665097 5.23234 6.93725 5.78099 -2.34604 0.194118 1.95661 -0.0456565 -0.0131442 0.0903975 -2.55469 3.12934 -1.72986 
0.7376 -0.053695 0.090562 0.666979 5.22001 6.93833 5.79713 -2.34604 0.194118 1.95661 -0.0456565 -0.0131442 0.0903975 -2.55469 3.12934 -1.72986 
0.735153 -0.0538406 0.0907181 0.669643 5.20776 6.93938 5.81245 -2.34604 0.194118 1.95661 -0.0456565 -0.0131442 0.0903975 -2.55469 3.12934 -1.72986 
0.733407 -0.0536699 0.0904489 0.671604 5.19557 6.94041 5.82694 -2.34604 0.194118 1.95661 -0.0456565 -0.0131442 0.0903975 -2.55469 3.12934 -1.72986 
0.731466 -0.0537552 0.0898164 0.673795 5.18345 6.94141 5.84059 -2.34604 0.194118 1.95661 -0.0456565 -0.0131442 0.0903975 -2.55469 3.12934 -1.72986 
0.729814 -0.0540394 0.0893702 0.675621 5.1714 6.94238 5.85336 -2.34604 0.194118 1.95661 -0.0456565 -0.0131442 0.0903975 -2.55469 3.12934 -1.72986 
0.727813 -0.0548833 0.0892971 0.677718 5.15943 6.94333 5.86526 -2.34604 0.194118 1.95661 -0.0456565 -0.0131442 0.0903975 -2.55469 3.12934 -1.72986 
0.726107 -0.0549933 0.0895063 0.679509 5.14754 6.94425 5.87627 -2.34604 0.194118 1.95661 -0.0456565 -0.0131442 0.0903975 -2.55469 3.12934 -1.72986 
0.723902 -0.0556797 0.0879716 0.682002 5.13572 6.94515 5.88638 -2.34604 0.194118 1.95661 -0.0456565 -0.0131442 0.0903975 -2.55469 3.12934 -1.72986 
0.721869 -0.0566406 0.0889036 0.683954 5.12398 6.94602 5.89559 -2.34604 0.194118 1.95661 -0.0456565 -0.0131442 0.0903975 -2.55469 3.12934 -1.72986 
0.719202 -0.0581259 0.08853 0.686681 5.11225 6.94682 5.90386 -2.56256 -0.235211 -1.98123 0.0313827 0.126556 -0.0852496 0.415658 -2.15854 0.934241 
0.717014 -0.0579704 0.0886073 0.688969 5.10045 6.94751 5.91117 -2.56256 -0.235211 -1.98123 0.0313827 0.126556 -0.0852496 0.415658 -2.15854 0.934241 
0.714878 -0.0585249 0.0878839 0.691231 5.08859 6.9481 5.91749 -2.56256 -0.235211 -1.98123 0.0313827 0.126556 -0.0852496 0.415658 -2.15854 0.934241 
0.712981 -0.0592828 0.086924 0.693244 5.07666 6.94859 5.92283 -2.56256 -0.235211 -1.98123 0.0313827 0.126556 -0.0852496 0.415658 -2.15854 0.934241 
0.71109 -0.0597381 0.0859469 0.695266 5.06467 6.94897 5.92718 -2.56256 -0.235211 -1.98123 0.0313827 0.126556 -0.0852496 0.415658 -2.15854 0.934241 
0.709389 -0.0602048 0.0852047 0.697053 5.05263 6.94925 5.93055 -2.56256 -0.235211 -1.98123 0.0313827 0.126556 -0.0852496 0.415658 -2.15854 0.934241 
0.707033 -0.0599034 0.0846091 0.69954 5.04054 6.94941 5.93292 -2.56256 -0.235211 -1.98123 0.0313827 0.126556 -0.0852496 0.415658 -2.15854 0.934241 
0.70466 -0.0602899 0.0839846 0.701973 5.0284 6.94947 5.93429 -2.56256 -0.235211 -1.98123 0.0313827 0.126556 -0.0852496 0.415658 -2.15854 0.934241 
0.702205 -0.0610009 0.0836272 0.70441 5.01619 6.94943 5.93464 -2.56256 -0.235211 -1.98123 0.0313827 0.126556 -0.0852496 0.415658 -2.15854 0.934241 
0.699856 -0.0621441 0.0832006 0.706694 5.00392 6.94928 5.934 -2.56256 -0.235211 -1.98123 0.0313827 0.126556 -0.0852496 0.415658 -2.15854 0.934241 
0.697622 -0.0632387 0.0835817 0.708758 4.9916 6.94903 5.93236 -2.56256 -0.235211 -1.98123 0.0313827 0.126556 -0.0852496 0.415658 -2.15854 0.934241 
0.69546 -0.0642095 0.0836493 0.710785 4.97921 6.94867 5.92972 -2.56256 -0.235211 -1.98123 0.0313827 0.126556 -0.0852496 0.415658 -2.15854 0.934241 
0.692396 -0.0646152 0.0829489 0.713815 4.96678 6.94819 5.92607 -2.56256 -0.235211 -1.98123 0.0313827 0.126556 -0.0852496 0.415658 -2.15854 0.934241 
0.689606 -0.0650213 0.0816482 0.716624 4.9543 6.9476 5.92143 -2.56256 -0.235211 -1.98123 0.0313827 0.126556 -0.0852496 0.415658 -2.15854 0.934241 
0.687501 -0.0644321 0.0813897 0.718726 4.94176 6.9469 5.9158 -2.56256 -0.235211 -1.98123 0.0313827 0.126556 -0.0852496 0.415658 -2.15854 0.934241 
0.685228 -0.0647776 0.0801993 0.720995 4.92916 6.94609 5.90918 -2.56256 -0.235211 -1.98123 0.0313827 0.126556 -0.0852496 0.415658 -2.15854 0.934241 
0.682946 -0.0652218 0.0804127 0.723094 4.91653 6.94517 5.90158 -2.56256 -0.235211 -1.98123 0.0313827 0.126556 -0.0852496 0.415658 -2.15854 0.934241 
0.680467 -0.0663974 0.0795962 0.725411 4.90385 6.94414 5.89302 -2.56256 -0.235211 -1.98123 0.0313827 0.126556 -0.0852496 0.415658 -2.15854 0.934241 
0.677717 -0.0671475 0.0792648 0.727948 4.89114 6.943 5.88351 -2.56256 -0.235211 -1.98123 0.0313827 0.126556 -0.0852496 0.415658 -2.15854 0.934241 
0.674975 -0.0665529 0.0780968 0.730671 4.87839 6.94176 5.87303 -2.56256 -0.235211 -1.98123 0.0313827 0.126556 -0.0852496 0.415658 -2.15854 0.934241 
0.672638 -0.0668213 0.0765765 0.732959 4.86565 6.94046 5.86164 -2.20421 -0.243997 -4.92407 0.105824 -0.103801 -0.0822624 -2.41387 3.4934 -3.02402 
0.67011 -0.0679421 0.0764122 0.735185 4.853 6.93916 5.84938 -2.20421 -0.243997 -4.92407 0.105824 -0.103801 -0.0822624 -2.41387 3.4934 -3.02402 
0.666824 -0.0685777 0.0763313 0.738117 4.84043 6.93785 5.83627 -2.20421 -0.243997 -4.92407 0.105824 -0.103801 -0.0822624 -2.41387 3.4934 -3.02402 
0.664953 -0.0691957 0.0767312 0.739703 4.82796 6.93654 5.82232 -2.20421 -0.243997 -4.92407 0.105824 -0.103801 -0.0822624 -2.41387 3.4934 -3.02402 
0.662332 -0.0703985 0.076229 0.74199 4.81558 6.93521 5.80754 -2.20421 -0.243997 -4.92407 0.105824 -0.103801 -0.0822624 -2.41387 3.4934 -3.02402 
0.660306 -0.0711246 0.0759013 0.743758 4.80329 6.93388 5.79193 -2.20421 -0.243997 -4.92407 0.105824 -0.103801 -0.0822624 -2.41387 3.4934 -3.02402 
0.657771 -0.0709685 0.0755075 0.746056 4.79109 6.93255 5.77552 -2.20421 -0.243997 -4.92407 0.105824 -0.103801 -0.0822624 -2.41387 3.4934 -3.02402 
0.655328 -0.0722773 0.0757606 0.748051 4.77898 6.93122 5.75834 -2.20421 -0.243997 -4.92407 0.105824 -0.103801 -0.0822624 -2.41387 3.4934 -3.02402 
0.652066 -0.0726476 0.0758701 0.75085 4.76695 6.92989 5.74038 -2.20421 -0.243997 -4.92407 0.105824 -0.103801 -0.0822624 -2.41387 3.4934 -3.02402 
0.650286 -0.0740211 0.0759866 0.752247 4.75502 6.92856 5.72168 -2.20421 -0.243997 -4.92407 0.105824 -0.103801 -0.0822624 -2.41387 3.4934 -3.02402 
0.647579 -0.0752688 0.0763467 0.754418 4.74317 6.92722 5.70226 -2.20421 -0.243997 -4.92407 0.105824 -0.103801 -0.0822624 -2.41387 3.4934 -3.02402 
0.645541 -0.0764394 0.0760667 0.756074 4.73142 6.92588 5.68212 -2.20421 -0.243997 -4.92407 0.105824 -0.103801 -0.0822624 -2.41387 3.4934 -3.02402 
0.643283 -0.0762678 0.0767984 0.757939 4.71977 6.92454 5.6613 -2.20421 -0.243997 -4.92407 0.105824 -0.103801 -0.0822624 -2.41387 3.4934 -3.02402 
0.640445 -0.0777415 0.0768815 0.760181 4.70819 6.92319 5.63981 -2.20421 -0.243997 -4.92407 0.105824 -0.103801 -0.0822624 -2.41387 3.4934 -3.02402 
0.638302 -0.0790421 0.0762402 0.761912 4.6967 6.92184 5.61767 -2.20421 -0.243997 -4.92407 0.105824 -0.103801 -0.0822624 -2.41387 3.4934 -3.02402 
0.635515 -0.0789385 0.0766984 0.764203 4.68531 6.92051 5.59489 -2.20421 -0.243997 -4.92407 0.105824 -0.103801 -0.0822624 -2.41387 3.4934 -3.02402 
0.632421 -0.0785545 0.0753395 0.76694 4.67399 6.91918 5.57151 -2.20421 -0.243997 -4.92407 0.105824 -0.103801 -0.0822624 -2.41387 3.4934 -3.02402 
0.629903 -0.0790923 0.0748032 0.769006 4.66276 6.91785 5.54754 -2.20421 -0.243997 -4.92407 0.105824 -0.103801 -0.0822624 -2.41387 3.4934 -3.02402 
0.627199 -0.079039 0.0741836 0.771278 4.65163 6.91654 5.52302 -2.20421 -0.243997 -4.92407 0.105824 -0.103801 -0.0822624 -2.41387 3.4934 -3.02402 
0.624015 -0.0798347 0.0735751 0.773833 4.64059 6.91523 5.49797 -2.20421 -0.243997 -4.92407 0.105824 -0.103801 -0.0822624 -2.41387 3.4934 -3.02402 
0.621827 -0.0803197 0.0725078 0.775643 4.62955 6.91385 5.47236 -2.42432 -0.776434 -6.30405 0.0750881 0.041206 0.0105877 0.990765 -3.50572 1.56751 
0.619716 -0.0797619 0.0719717 0.777438 4.61845 6.91234 5.44618 -2.42432 -0.776434 -6.30405 0.0750881 0.041206 0.0105877 0.990765 -3.50572 1.56751 
0.617911 -0.0796592 0.0712378 0.778951 4.60729 6.91069 5.41946 -2.42432 -0.776434 -6.30405 0.0750881 0.041206 0.0105877 0.990765 -3.50572 1.56751 
0.615356 -0.0800334 0.0704351 0.781006 4.59607 6.90891 5.39221 -2.42432 -0.776434 -6.30405 0.0750881 0.041206 0.0105877 0.990765 -3.50572 1.56751 
0.612548 -0.0805618 0.0694264 0.783246 4.58478 6.90702 5.36448 -2.42432 -0.776434 -6.30405 0.0750881 0.041206 0.0105877 0.990765 -3.50572 1.56751 
0.61019 -0.0811246 0.0692113 0.785046 4.57344 6.90499 5.33627 -2.42432 -0.776434 -6.30405 0.0750881 0.041206 0.0105877 0.990765 -3.50572 1.56751 
0.607969 -0.082114 0.0679978 0.78677 4.56203 6.90283 5.30763 -2.42432 -0.776434 -6.30405 0.0750881 0.041206 0.0105877 0.990765 -3.50572 1.56751 
0.605562 -0.0826684 0.06739 0.788618 4.55058 6.90054 5.27857 -2.42432 -0.776434 -6.30405 0.0750881 0.041206 0.0105877 0.990765 -3.50572 1.56751 
0.603076 -0.0835944 0.0672035 0.790439 4.53906 6.89812 5.24913 -2.42432 -0.776434 -6.30405 0.0750881 0.041206 0.0105877 0.990765 -3.50572 1.56751 
0.600343 -0.0833789 0.0674668 0.792518 4.52749 6.89556 5.21934 -2.42432 -0.776434 -6.30405 0.0750881 0.041206 0.0105877 0.990765 -3.50572 1.56751 
0.597883 -0.0832493 0.0674864 0.794387 4.51587 6.89287 5.18923 -2.42432 -0.776434 -6.30405 0.0750881 0.041206 0.0105877 0.990765 -3.50572 1.56751 
0.594538 -0.0839693 0.0677512 0.796795 4.50418 6.89005 5.15884 -2.42432 -0.776434 -6.30405 0.0750881 0.041206 0.0105877 0.990765 -3.50572 1.56751 
0.591612 -0.0833008 0.0673104 0.799078 4.49245 6.88711 5.12818 -2.42432 -0.776434 -6.30405 0.0750881 0.041206 0.0105877 0.990765 -3.50572 1.56751 
0.58865 -0.0840179 0.0659752 0.801298 4.48066 6.88402 5.0973 -2.42432 -0.776434 -6.30405 0.0750881 0.041206 0.0105877 0.990765 -3.50572 1.56751 
0.58561 -0.0848618 0.0642123 0.803577 4.46881 6.8808 5.06623 -2.42432 -0.776434 -6.30405 0.0750881 0.041206 0.0105877 0.990765 -3.50572 1.56751 
0.583383 -0.0852943 0.0635051 0.805205 4.45692 6.87745 5.03498 -2.42432 -0.776434 -6.30405 0.0750881 0.041206 0.0105877 0.990765 -3.50572 1.56751 
0.580414 -0.0867575 0.0634086 0.8072 4.44497 6.87397 5.0036 -2.42432 -0.776434 -6.30405 0.0750881 0.041206 0.0105877 0.990765 -3.50572 1.56751 
0.578199 -0.0873979 0.0624073 0.808797 4.43299 6.87034 4.9721 -2.42432 -0.776434 -6.30405 0.0750881 0.041206 0.0105877 0.990765 -3.50572 1.56751 
0.57573 -0.0867945 0.0613958 0.810698 4.42096 6.86658 4.94053 -2.42432 -0.776434 -6.30405 0.0750881 0.041206 0.0105877 0.990765 -3.50572 1.56751 
0.57331 -0.0880167 0.060925 0.812316 4.40889 6.86268 4.90889 -2.42432 -0.776434 -6.30405 0.0750881 0.041206 0.0105877 0.990765 -3.50572 1.56751 
0.570422 -0.0883954 0.0606492 0.814326 4.39683 6.85872 4.87728 -2.02535 -0.747526 -4.89721 -0.0126487 0.126326 -0.102382 -1.07869 3.98855 -2.88329 
0.56787 -0.0892189 0.0599704 0.816068 4.38487 6.85476 4.84579 -2.02535 -0.747526 -4.89721 -0.0126487 0.126326 -0.102382 -1.07869 3.98855 -2.88329 
0.565245 -0.0889254 0.0593956 0.817962 4.373 6.8508 4.81445 -2.02535 -0.747526 -4.89721 -0.0126487 0.126326 -0.102382 -1.07869 3.98855 -2.88329 
0.562509 -0.0884267 0.0592597 0.81991 4.36122 6.84684 4.78328 -2.02535 -0.747526 -4.89721 -0.0126487 0.126326 -0.102382 -1.07869 3.98855 -2.88329 
0.559716 -0.0890274 0.0575705 0.821875 4.34955 6.84288 4.75232 -2.02535 -0.747526 -4.89721 -0.0126487 0.126326 -0.102382 -1.07869 3.98855 -2.88329 
0.556941 -0.0895751 0.057878 0.823676 4.33798 6.83893 4.7216 -2.02535 -0.747526 -4.89721 -0.0126487 0.126326 -0.102382 -1.07869 3.98855 -2.88329 
0.554173 -0.0906031 0.0573353 0.825467 4.32651 6.83499 4.69115 -2.02535 -0.747526 -4.89721 -0.0126487 0.126326 -0.102382 -1.07869 3.98855 -2.88329 
0.551215 -0.0909601 0.056869 0.827438 4.31515 6.83105 4.66099 -2.02535 -0.747526 -4.89721 -0.0126487 0.126326 -0.102382 -1.07869 3.98855 -2.88329 
0.547312 -0.0902336 0.055963 0.830166 4.30388 6.82712 4.63116 -2.02535 -0.747526 -4.89721 -0.0126487 0.126326 -0.102382 -1.07869 3.98855 -2.88329 
0.544766 -0.0909992 0.054543 0.83185 4.29272 6.82319 4.60169 -2.02535 -0.747526 -4.89721 -0.0126487 0.126326 -0.102382 -1.07869 3.98855 -2.88329 
0.54212 -0.0904641 0.0542328 0.833655 4.28167 6.81927 4.5726 -2.02535 -0.747526 -4.89721 -0.0126487 0.126326 -0.102382 -1.07869 3.98855 -2.88329 
0.540021 -0.0906412 0.0530579 0.835072 4.27071 6.81535 4.54391 -2.02535 -0.747526 -4.89721 -0.0126487 0.126326 -0.102382 -1.07869 3.98855 -2.88329 
0.536884 -0.0907437 0.0518457 0.837157 4.25985 6.81142 4.51567 -2.02535 -0.747526 -4.89721 -0.0126487 0.126326 -0.102382 -1.07869 3.98855 -2.88329 
0.533909 -0.0914225 0.0515292 0.839004 4.2491 6.80752 4.48792 -2.02535 -0.747526 -4.89721 -0.0126487 0.126326 -0.102382 -1.07869 3.98855 -2.88329 
0.530867 -0.0918287 0.0513556 0.840898 4.23844 6.80363 4.46066 -2.02535 -0.747526 -4.89721 -0.0126487 0.126326 -0.102382 -1.07869 3.98855 -2.88329 
0.528225 -0.0914056 0.0515649 0.842593 4.22787 6.79975 4.43392 -2.02535 -0.747526 -4.89721 -0.0126487 0.126326 -0.102382 -1.07869 3.98855 -2.88329 
0.525858 -0.0912807 0.0505239 0.844149 4.2174 6.7959 4.40773 -2.02535 -0.747526 -4.89721 -0.0126487 0.126326 -0.102382 -1.07869 3.98855 -2.88329 
0.523581 -0.0921002 0.0491426 0.845556 4.20703 6.79206 4.38214 -2.02535 -0.747526 -4.89721 -0.0126487 0.126326 -0.102382 -1.07869 3.98855 -2.88329 
0.520587 -0.0926992 0.0483365 0.847384 4.19677 6.78824 4.35716 -2.02535 -0.747526 -4.89721 -0.0126487 0.126326 -0.102382 -1.07869 3.98855 -2.88329 
0.517747 -0.0925082 0.0483782 0.84914 4.1866 6.78442 4.3328 -2.02535 -0.747526 -4.89721 -0.0126487 0.126326 -0.102382 -1.07869 3.98855 -2.88329 
0.515517 -0.0923196 0.0469574 0.850596 4.17642 6.78049 4.30902 -2.38486 -1.67335 -2.16453 0.0768355 0.0839606 0.0458052 2.37854 -7.33473 4.16993 
0.512253 -0.0928188 0.0459062 0.852569 4.16615 6.77634 4.28575 -2.38486 -1.67335 -2.16453 0.0768355 0.0839606 0.0458052 2.37854 -7.33473 4.16993 
0.510168 -0.0928077 0.0456235 0.853834 4.15578 6.77195 4.26304 -2.38486 -1.67335 -2.16453 0.0768355 0.0839606 0.0458052 2.37854 -7.33473 4.16993 
0.507436 -0.0934337 0.0459082 0.855377 4.1453 6.76734 4.24089 -2.38486 -1.67335 -2.16453 0.0768355 0.0839606 0.0458052 2.37854 -7.33473 4.16993 
0.50444 -0.0929566 0.0449604 0.85725 4.13473 6.7625 4.21934 -2.38486 -1.67335 -2.16453 0.0768355 0.0839606 0.0458052 2.37854 -7.33473 4.16993 
0.501918 -0.0926057 0.0437452 0.858829 4.12406 6.75742 4.19841 -2.38486 -1.67335 -2.16453 0.0768355 0.0839606 0.0458052 2.37854 -7.33473 4.16993 
0.49864 -0.0930799 0.04349 0.860699 4.1133 6.75212 4.17812 -2.38486 -1.67335 -2.16453 0.0768355 0.0839606 0.0458052 2.37854 -7.33473 4.16993 
0.496463 -0.0925694 0.043232 0.862024 4.10244 6.74659 4.15849 -2.38486 -1.67335 -2.16453 0.0768355 0.0839606 0.0458052 2.37854 -7.33473 4.16993 
0.494845 -0.0931532 0.0418259 0.86296 4.09149 6.74082 4.13954 -2.38486 -1.67335 -2.16453 0.0768355 0.0839606 0.0458052 2.37854 -7.33473 4.16993 
0.492694 -0.0935842 0.0413624 0.864166 4.08045 6.73482 4.12128 -2.38486 -1.67335 -2.16453 0.0768355 0.0839606 0.0458052 2.37854 -7.33473 4.16993 
0.490425 -0.0940398 0.0394764 0.865494 4.06933 6.7286 4.10374 -2.38486 -1.67335 -2.16453 0.0768355 0.0839606 0.0458052 2.37854 -7.33473 4.16993 
0.487991 -0.0942081 0.0399387 0.86683 4.05812 6.72215 4.08693 -2.38486 -1.67335 -2.16453 0.0768355 0.0839606 0.0458052 2.37854 -7.33473 4.16993 
0.484574 -0.0950191 0.0393022 0.868685 4.04683 6.71547 4.07086 -2.38486 -1.67335 -2.16453 0.0768355 0.0839606 0.0458052 2.37854 -7.33473 4.16993 
0.481364 -0.0955816 0.0384723 0.870444 4.03545 6.70856 4.05555 -2.38486 -1.67335 -2.16453 0.0768355 0.0839606 0.0458052 2.37854 -7.33473 4.16993 
0.4788 -0.0954366 0.0380002 0.871893 4.02398 6.70142 4.04102 -2.38486 -1.67335 -2.16453 0.0768355 0.0839606 0.0458052 2.37854 -7.33473 4.16993 
0.476012 -0.095677 0.0371049 0.873431 4.01243 6.69405 4.02728 -2.38486 -1.67335 -2.16453 0.0768355 0.0839606 0.0458052 2.37854 -7.33473 4.16993 
0.473435 -0.0955238 0.0363421 0.874879 4.0008 6.68643 4.01434 -2.38486 -1.67335 -2.16453 0.0768355 0.0839606 0.0458052 2.37854 -7.33473 4.16993 
0.470683 -0.0950375 0.0351216 0.876465 3.98909 6.67858 4.00223 -2.38486 -1.67335 -2.16453 0.0768355 0.0839606 0.0458052 2.37854 -7.33473 4.16993 
0.468551 -0.0952621 0.0344721 0.877609 3.9773 6.6705 3.99093 -2.38486 -1.67335 -2.16453 0.0768355 0.0839606 0.0458052 2.37854 -7.33473 4.16993 
0.46575 -0.0963432 0.0335217 0.879017 3.96542 6.66218 3.98047 -2.38486 -1.67335 -2.16453 0.0768355 0.0839606 0.0458052 2.37854 -7.33473 4.16993 
0.462909 -0.096645 0.0324542 0.880523 3.95362 6.65382 3.97098 -1.57414 -1.02676 2.27387 -0.0157512 0.185695 0.0939409 -2.19431 11.5314 -5.59888 
0.460522 -0.0968344 0.0315499 0.881786 3.94203 6.64562 3.96257 -1.57414 -1.02676 2.27387 -0.0157512 0.185695 0.0939409 -2.19431 11.5314 -5.59888 
0.457434 -0.0965481 0.0312136 0.883435 3.93064 6.63757 3.95526 -1.57414 -1.02676 2.27387 -0.0157512 0.185695 0.0939409 -2.19431 11.5314 -5.59888 
0.454103 -0.096534 0.0308164 0.885168 3.91946 6.62968 3.94905 -1.57414 -1.02676 2.27387 -0.0157512 0.185695 0.0939409 -2.19431 11.5314 -5.59888 
0.451943 -0.0968332 0.0302357 0.88626 3.90849 6.62195 3.94396 -1.57414 -1.02676 2.27387 -0.0157512 0.185695 0.0939409 -2.19431 11.5314 -5.59888 
0.449075 -0.0973084 0.0297887 0.88768 3.89772 6.61437 3.93999 -1.57414 -1.02676 2.27387 -0.0157512 0.185695 0.0939409 -2.19431 11.5314 -5.59888 
0.446122 -0.0964371 0.0272777 0.889343 3.88715 6.60696 3.93714 -1.57414 -1.02676 2.27387 -0.0157512 0.185695 0.0939409 -2.19431 11.5314 -5.59888 
0.4432 -0.0963853 0.0265583 0.89083 3.87677 6.5997 3.93542 -1.57414 -1.02676 2.27387 -0.0157512 0.185695 0.0939409 -2.19431 11.5314 -5.59888 
0.440225 -0.0968044 0.0261124 0.892271 3.86659 6.5926 3.93481 -1.57414 -1.02676 2.27387 -0.0157512 0.185695 0.0939409 -2.19431 11.5314 -5.59888 
0.437425 -0.0971313 0.0253808 0.893633 3.85661 6.58565 3.93533 -1.57414 -1.02676 2.27387 -0.0157512 0.185695 0.0939409 -2.19431 11.5314 -5.59888 
0.435015 -0.0964137 0.0238269 0.894929 3.84683 6.57886 3.93698 -1.57414 -1.02676 2.27387 -0.0157512 0.185695 0.0939409 -2.19431 11.5314 -5.59888 
0.432309 -0.0963125 0.0232843 0.896265 3.83725 6.57223 3.93975 -1.57414 -1.02676 2.27387 -0.0157512 0.185695 0.0939409 -2.19431 11.5314 -5.59888 
0.428148 -0.0958459 0.0223327 0.898334 3.82787 6.56576 3.94365 -1.57414 -1.02676 2.27387 -0.0157512 0.185695 0.0939409 -2.19431 11.5314 -5.59888 
0.425162 -0.0945109 0.0216035 0.89991 3.81869 6.55946 3.94866 -1.57414 -1.02676 2.27387 -0.0157512 0.185695 0.0939409 -2.19431 11.5314 -5.59888 
0.423131 -0.0935958 0.0210535 0.900975 3.80972 6.55332 3.9548 -1.57414 -1.02676 2.27387 -0.0157512 0.185695 0.0939409 -2.19431 11.5314 -5.59888 
0.420558 -0.093561 0.0214136 0.902174 3.80096 6.54734 3.96204 -1.57414 -1.02676 2.27387 -0.0157512 0.185695 0.0939409 -2.19431 11.5314 -5.59888 
0.418111 -0.0943648 0.020691 0.903244 3.7924 6.54151 3.9704 -1.57414 -1.02676 2.27387 -0.0157512 0.185695 0.0939409 -2.19431 11.5314 -5.59888 
0.415898 -0.095445 0.0201613 0.904164 3.78405 6.53585 3.97985 -1.57414 -1.02676 2.27387 -0.0157512 0.185695 0.0939409 -2.19431 11.5314 -5.59888 
0.41316 -0.0946508 0.0197596 0.905511 3.77591 6.53036 3.99039 -1.57414 -1.02676 2.27387 -0.0157512 0.185695 0.0939409 -2.19431 11.5314 -5.59888 
0.40936 -0.0944069 0.0177243 0.907302 3.76797 6.52504 4.00202 -1.57414 -1.02676 2.27387 -0.0157512 0.185695 0.0939409 -2.19431 11.5314 -5.59888 
0.406518 -0.0946541 0.017321 0.908561 3.76005 6.51964 4.01459 -2.02523 -2.25021 4.80765 -0.115016 -0.112347 0.0829876 0.899235 -11.2691 6.07505 
0.403821 -0.0945778 0.0177498 0.909763 3.75199 6.51393 4.02791 -2.02523 -2.25021 4.80765 -0.115016 -0.112347 0.0829876 0.899235 -11.2691 6.07505 
0.400807 -0.095156 0.0172128 0.911045 3.74381 6.50791 4.042 -2.02523 -2.25021 4.80765 -0.115016 -0.112347 0.0829876 0.899235 -11.2691 6.07505 
0.39839 -0.0956789 0.0169467 0.912055 3.73552 6.50159 4.05682 -2.02523 -2.25021 4.80765 -0.115016 -0.112347 0.0829876 0.899235 -11.2691 6.07505 
0.395005 -0.0957959 0.015779 0.913534 3.7271 6.49496 4.07238 -2.02523 -2.25021 4.80765 -0.115016 -0.112347 0.0829876 0.899235 -11.2691 6.07505 
0.391801 -0.0953826 0.0155395 0.91496 3.71854 6.48804 4.08866 -2.02523 -2.25021 4.80765 -0.115016 -0.112347 0.0829876 0.899235 -11.2691 6.07505 
0.389304 -0.0953201 0.0151739 0.916038 3.70986 6.48081 4.10562 -2.02523 -2.25021 4.80765 -0.115016 -0.112347 0.0829876 0.899235 -11.2691 6.07505 
0.386454 -0.0946706 0.0155805 0.917305 3.70107 6.47327 4.12327 -2.02523 -2.25021 4.80765 -0.115016 -0.112347 0.0829876 0.899235 -11.2691 6.07505 
0.384198 -0.0946012 0.0155723 0.918259 3.69214 6.46543 4.14158 -2.02523 -2.25021 4.80765 -0.115016 -0.112347 0.0829876 0.899235 -11.2691 6.07505 
0.381668 -0.0954332 0.0155516 0.919228 3.68311 6.45727 4.16055 -2.02523 -2.25021 4.80765 -0.115016 -0.112347 0.0829876 0.899235 -11.2691 6.07505 
0.378362 -0.0950318 0.0147807 0.920648 3.67397 6.44882 4.18013 -2.02523 -2.25021 4.80765 -0.115016 -0.112347 0.0829876 0.899235 -11.2691 6.07505 
0.376273 -0.0943092 0.0140756 0.921589 3.66472 6.44006 4.20032 -2.02523 -2.25021 4.80765 -0.115016 -0.112347 0.0829876 0.899235 -11.2691 6.07505 
0.373445 -0.0939495 0.0136963 0.922781 3.65536 6.431 4.22109 -2.02523 -2.25021 4.80765 -0.115016 -0.112347 0.0829876 0.899235 -11.2691 6.07505 
0.370735 -0.0944627 0.0127919 0.923833 3.6459 6.42162 4.24244 -2.02523 -2.25021 4.80765 -0.115016 -0.112347 0.0829876 0.899235 -11.2691 6.07505 
0.367918 -0.0947858 0.011829 0.924939 3.63634 6.41194 4.26433 -2.02523 -2.25021 4.80765 -0.115016 -0.112347 0.0829876 0.899235 -11.2691 6.07505 
0.365854 -0.0948372 0.0118388 0.925752 3.62668 6.40195 4.28675 -2.02523 -2.25021 4.80765 -0.115016 -0.112347 0.0829876 0.899235 -11.2691 6.07505 
0.363241 -0.0960713 0.0118028 0.926654 3.61691 6.39164 4.30966 -2.02523 -2.25021 4.80765 -0.115016 -0.112347 0.0829876 0.899235 -11.2691 6.07505 
0.360828 -0.0961214 0.0113608 0.927596 3.60704 6.38103 4.33305 -2.02523 -2.25021 4.80765 -0.115016 -0.112347 0.0829876 0.899235 -11.2691 6.07505 
0.358651 -0.096131 0.0105215 0.928449 3.59708 6.3701 4.35691 -2.02523 -2.25021 4.80765 -0.115016 -0.112347 0.0829876 0.899235 -11.2691 6.07505 
0.356109 -0.0976014 0.0109142 0.929269 3.58702 6.35888 4.3812 -2.02523 -2.25021 4.80765 -0.115016 -0.112347 0.0829876 0.899235 -11.2691 6.07505 
0.353289 -0.0981289 0.0098068 0.930302 3.57701 6.34757 4.40602 -1.33079 -1.70471 6.40721 0.0823503 -0.00919331 -0.0974146 -0.463646 9.13047 -3.0987 
0.350223 -0.0981547 0.00972914 0.931458 3.56717 6.33637 4.43147 -1.33079 -1.70471 6.40721 0.0823503 -0.00919331 -0.0974146 -0.463646 9.13047 -3.0987 
0.347111 -0.097182 0.00855911 0.932736 3.55751 6.3253 4.45752 -1.33079 -1.70471 6.40721 0.0823503 -0.00919331 -0.0974146 -0.463646 9.13047 -3.0987 
0.344371 -0.0976135 0.00743317 0.933715 3.54803 6.31436 4.48414 -1.33079 -1.70471 6.40721 0.0823503 -0.00919331 -0.0974146 -0.463646 9.13047 -3.0987 
0.342375 -0.0978216 0.0076037 0.934426 3.53872 6.30354 4.5113 -1.33079 -1.70471 6.40721 0.0823503 -0.00919331 -0.0974146 -0.463646 9.13047 -3.0987 
0.338735 -0.0976539 0.00661079 0.935777 3.52958 6.29285 4.53899 -1.33079 -1.70471 6.40721 0.0823503 -0.00919331 -0.0974146 -0.463646 9.13047 -3.0987 
0.336233 -0.0976148 0.00571828 0.936689 3.5206 6.28229 4.56718 -1.33079 -1.70471 6.40721 0.0823503 -0.00919331 -0.0974146 -0.463646 9.13047 -3.0987 
0.333365 -0.097822 0.00504022 0.937695 3.5118 6.27187 4.59583 -1.33079 -1.70471 6.40721 0.0823503 -0.00919331 -0.0974146 -0.463646 9.13047 -3.0987 
0.329695 -0.0972035 0.00418086 0.939061 3.50318 6.26158 4.62492 -1.33079 -1.70471 6.40721 0.0823503 -0.00919331 -0.0974146 -0.463646 9.13047 -3.0987 
0.324915 -0.0978241 0.00406017 0.940661 3.49474 6.25143 4.6544 -1.33079 -1.70471 6.40721 0.0823503 -0.00919331 -0.0974146 -0.463646 9.13047 -3.0987 
0.321778 -0.0974744 0.00346683 0.941778 3.48647 6.24143 4.68425 -1.33079 -1.70471 6.40721 0.0823503 -0.00919331 -0.0974146 -0.463646 9.13047 -3.0987 
0.3182 -0.0971917 0.00266455 0.943024 3.47837 6.23157 4.71445 -1.33079 -1.70471 6.40721 0.0823503 -0.00919331 -0.0974146 -0.463646 9.13047 -3.0987 
0.315179 -0.0976888 0.00145204 0.94399 3.47046 6.22185 4.74496 -1.33079 -1.70471 6.40721 0.0823503 -0.00919331 -0.0974146 -0.463646 9.13047 -3.0987 
0.312943 -0.0975632 0.000422115 0.944747 3.46272 6.21227 4.77576 -1.33079 -1.70471 6.40721 0.0823503 -0.00919331 -0.0974146 -0.463646 9.13047 -3.0987 
0.309919 -0.0972769 0.000352858 0.945773 3.45515 6.20283 4.80683 -1.33079 -1.70471 6.40721 0.0823503 -0.00919331 -0.0974146 -0.463646 9.13047 -3.0987 
0.306671 -0.0982454 0.000194552 0.946731 3.44775 6.19354 4.83811 -1.33079 -1.70471 6.40721 0.0823503 -0.00919331 -0.0974146 -0.463646 9.13047 -3.0987 
0.302831 -0.0980655 8.05729e-05 0.947985 3.44052 6.18439 4.86958 -1.33079 -1.70471 6.40721 0.0823503 -0.00919331 -0.0974146 -0.463646 9.13047 -3.0987 
0.299629 -0.0978934 -0.000294589 0.94902 3.43346 6.17539 4.90123 -1.33079 -1.70471 6.40721 0.0823503 -0.00919331 -0.0974146 -0.463646 9.13047 -3.0987 
0.296152 -0.0978789 -0.00116457 0.950111 3.42655 6.16654 4.93301 -1.33079 -1.70471 6.40721 0.0823503 -0.00919331 -0.0974146 -0.463646 9.13047 -3.0987 
0.292639 -0.0979703 -0.00178613 0.951189 3.41982 6.15783 4.96489 -1.33079 -1.70471 6.40721 0.0823503 -0.00919331 -0.0974146 -0.463646 9.13047 -3.0987 
