0.996751 0.0517664 0.016259 0.059528 6.99467 5.25852 5.59615 
0.990205 0.0477729 0.025005 0.128789 6.93124 5.49268 5.94597 
0.980349 0.0457021 0.0385973 0.187983 6.85562 5.73296 5.94765 
0.966809 0.0316077 0.0465385 0.24923 6.74469 5.95652 5.58124 
0.950173 0.0254189 0.0632974 0.30417 6.6092 6.16733 4.99333 
0.928055 0.0146922 0.0716859 0.365184 6.45841 6.36955 4.41254 
0.90179 0.0102116 0.073298 0.425791 6.27469 6.54087 4.04884 
0.87263 -0.00420771 0.0826321 0.481323 6.06901 6.68575 4.04718 
0.841997 -0.0206129 0.0822521 0.532776 5.84347 6.80024 4.40611 
0.80907 -0.0304946 0.085775 0.580619 5.6253 6.91103 5.00646 
0.76863 -0.0379115 0.0781959 0.633763 5.37057 6.95915 5.58343 
0.73008 -0.0487142 0.07949 0.676972 5.12115 6.99001 5.94591 
0.680408 -0.0613138 0.0714316 0.726762 4.87343 6.99463 5.94985 
0.631898 -0.0732027 0.0711022 0.768304 4.62993 6.97163 5.59346 
0.583942 -0.0774276 0.0568322 0.806093 4.38826 6.91201 5.00718 
0.530137 -0.0839749 0.0489351 0.842323 4.15616 6.82232 4.42043 
0.481669 -0.0879084 0.0386629 0.871075 3.92624 6.68507 4.04678 
0.423848 -0.089261 0.0278 0.900896 3.72988 6.54933 4.05408 
0.36849 -0.0954449 0.0225414 0.924444 3.5443 6.37311 4.41499 
0.302194 -0.0959653 0.00778613 0.948372 3.37653 6.16563 4.99195 
