0 0.99875 0.0499792 0 0 20 5 5 -0.180922 0.116242 0.388665 -1.01679 0.883589 9.67372 -0 6.28319 3.14159 -1.59304e-05 1.30002e-05 6.31035e-06 4.83889e-06 5.56657e-05 0.000198468 
0.005 0.99875 0.0499781 0.000538626 0.000759427 20 5.03142 5.01571 0.0453305 0.12057 0.11104 -1.18146 1.53764 9.4573 -0.0074022 6.28318 3.14121 -2.06634e-05 3.56442e-05 -8.21438e-07 -6.70982e-05 0.000183194 0.00035846 
0.01 0.998749 0.049975 0.00107724 0.00151886 19.9999 5.06283 5.03141 0.137308 -0.0750694 0.0892682 -1.5446 1.07749 9.45503 -0.0148044 6.28315 3.14004 -4.05931e-05 2.48069e-05 1.17537e-06 0.000303817 0.000318374 0.000317156 
0.015 0.998747 0.0499698 0.00161581 0.00227829 19.9998 5.09425 5.04711 -0.124291 0.0995819 0.160717 -1.54842 0.943583 9.08331 -0.0222065 6.28312 3.13811 -4.5129e-05 1.2506e-05 6.6114e-06 0.000285306 0.000401331 0.000125383 
0.02 0.998744 0.0499626 0.00215434 0.00303773 19.9997 5.12566 5.06279 0.299438 -0.00872903 0.379819 -1.7953 0.724762 9.20478 -0.0296086 6.28306 3.13539 -4.72178e-05 2.87748e-05 8.12203e-06 0.000273507 0.00038124 -0.000144705 
0.025 0.998741 0.0499532 0.0026928 0.00379717 19.9995 5.15708 5.07846 0.192648 -0.281836 0.366308 -1.45963 0.850684 8.70351 -0.0370106 6.28299 3.13191 -5.24732e-05 1.05601e-05 -7.73126e-06 0.000382717 0.000232897 -0.000277288 
0.03 0.998737 0.0499418 0.00323118 0.00455662 19.9993 5.18849 5.09411 0.183658 0.193487 0.356198 -1.08344 0.599244 9.35335 -0.0444126 6.28291 3.12765 -2.73612e-05 1.63343e-05 -2.15634e-06 0.000273125 0.000139844 -0.000272661 
0.035 0.998732 0.0499283 0.00376946 0.00531608 19.9991 5.21991 5.10973 0.109679 0.117544 0.345037 -1.84321 1.01322 8.70591 -0.0518144 6.28281 3.12262 -3.13763e-05 3.64053e-05 1.55985e-05 0.00025457 0.000201244 -0.000267655 
0.04 0.998726 0.0499127 0.00430763 0.00607555 19.9988 5.25132 5.12533 0.0633205 0.160163 0.752097 -1.7124 0.752161 8.71036 -0.0592161 6.28269 3.11682 -4.3003e-05 4.42343e-05 2.76999e-05 0.000572455 0.000328252 -0.000309239 
0.045 0.998719 0.0498951 0.00484566 0.00683504 19.9985 5.28273 5.1409 -0.126705 0.156285 0.552986 -2.12173 0.758388 8.7334 -0.0666176 6.28256 3.11025 -3.59795e-05 4.91449e-05 2.38139e-05 0.000204186 0.000179762 -0.000468129 
0.05 0.998712 0.0498754 0.00538355 0.00759454 19.9981 5.31415 5.15643 -0.428438 -0.162606 0.448775 -1.98089 0.989698 8.14962 -0.074019 6.28241 3.10291 -3.22902e-05 4.04401e-05 -2.75186e-06 0.000496225 0.000135603 -0.000542006 
0.055 0.998704 0.0498536 0.00592127 0.00835406 19.9978 5.34556 5.17193 0.0108064 0.557573 0.437518 -1.26372 0.541645 8.13266 -0.0814202 6.28225 3.09481 -2.06651e-05 1.81686e-05 -4.71937e-07 0.000682747 0.000285855 -0.000796988 
0.06 0.998695 0.0498298 0.00645881 0.00911359 19.9973 5.37697 5.18738 -0.314141 0.505948 -0.150702 -1.73925 0.665719 7.79072 -0.0888212 6.28207 3.08595 2.70202e-06 2.16477e-05 -4.16089e-08 0.000622316 0.000202779 -0.000842938 
0.065 0.998686 0.0498038 0.00699616 0.00987315 19.9969 5.40838 5.20279 -0.218566 0.322815 0.185258 -1.73691 0.417215 7.90864 -0.096222 6.28188 3.07632 -2.64215e-06 2.35798e-05 5.60379e-06 0.000777702 7.89877e-05 -0.000969841 
0.07 0.998675 0.0497758 0.00753329 0.0106327 19.9964 5.43979 5.21814 -0.230558 0.645226 0.424811 -1.6415 0.424583 7.99543 -0.103622 6.28167 3.06593 7.8913e-07 3.04249e-06 -5.42528e-06 0.000782626 -9.95891e-05 -0.000926276 
0.075 0.998664 0.0497458 0.00807019 0.0113923 19.9958 5.4712 5.23345 -0.115029 0.145224 0.222043 -1.33282 0.99555 7.40572 -0.111023 6.28144 3.05479 1.7508e-05 -9.59046e-06 -1.36767e-05 0.000670071 -0.000450213 -0.000853038 
0.08 0.998652 0.0497136 0.00860684 0.0121519 19.9953 5.5026 5.24869 0.25637 0.184734 0.222317 -1.70585 0.276162 7.45275 -0.118423 6.2812 3.04289 1.49017e-05 -1.10375e-05 7.80868e-06 0.000521113 -0.000308437 -0.00103437 
0.085 0.99864 0.0496794 0.00914324 0.0129116 19.9947 5.53401 5.26387 0.29835 0.59186 0.235796 -1.75765 0.674238 7.05042 -0.125823 6.28095 3.03025 7.22724e-06 -2.68834e-05 4.80878e-05 0.000738515 -0.000651344 -0.00114698 
0.09 0.998627 0.0496432 0.00967935 0.0136713 19.994 5.56541 5.27899 -0.0237811 0.31332 0.230722 -1.95863 0.289812 6.69535 -0.133222 6.28067 3.01685 -1.1711e-05 -3.0755e-05 4.63025e-05 0.000495783 -0.000429245 -0.00142141 
0.095 0.998612 0.0496048 0.0102152 0.014431 19.9933 5.59681 5.29404 0.140778 0.32352 0.277779 -1.65379 0.653128 7.06027 -0.140621 6.28039 3.00271 -1.43997e-05 -4.86394e-05 4.84788e-05 0.000488482 -0.00062801 -0.00147923 
0.1 0.998598 0.0495645 0.0107507 0.0151907 19.9926 5.62822 5.30902 0.0210123 0.238188 0.202953 -1.79482 0.244942 6.77426 -0.14802 6.28009 2.98783 -3.13192e-05 -1.08515e-05 6.88225e-05 0.000267381 -0.000610103 -0.00181555 
0.105 0.998582 0.049522 0.0112859 0.0159505 19.9918 5.65961 5.32392 0.0673751 0.128492 0.565008 -1.85324 0.55204 6.67047 -0.155418 6.27977 2.97221 -3.00973e-05 -8.84397e-06 6.33515e-05 0.000403385 -0.000531967 -0.00190481 
0.11 0.998565 0.0494775 0.0118207 0.0167103 19.991 5.69101 5.33874 0.315341 -0.040985 0.502517 -1.44304 0.247345 6.25616 -0.162816 6.27943 2.95586 -2.00511e-05 -3.30186e-05 5.83519e-05 0.000646049 -0.000286882 -0.00220239 
0.115 0.998548 0.0494309 0.0123552 0.0174701 19.9902 5.72241 5.35347 0.401962 0.125557 0.167963 -1.91307 0.853073 6.2161 -0.170214 6.27909 2.93878 -1.47063e-05 -4.56266e-05 6.58261e-05 0.000683036 -0.000100394 -0.00228416 
0.12 0.99853 0.0493823 0.0128893 0.01823 19.9893 5.7538 5.36812 0.234306 0.389649 0.252451 -1.46186 0.736654 5.48586 -0.177611 6.27872 2.92098 -3.07138e-05 -1.36993e-05 8.11244e-05 0.000435131 -0.000296518 -0.0024187 
0.125 0.998512 0.0493316 0.013423 0.0189899 19.9884 5.7852 5.38268 -0.272576 0.472813 -0.107425 -1.7752 0.99153 6.22687 -0.185008 6.27834 2.90245 -3.94293e-05 7.95641e-07 9.18535e-05 0.000265658 -0.000356125 -0.00247833 
0.13 0.998492 0.0492789 0.0139563 0.0197498 19.9875 5.81659 5.39715 -0.299216 0.0777287 0.085931 -1.63481 0.480848 5.64811 -0.192404 6.27795 2.88321 -5.93425e-05 1.60061e-05 0.000112448 0.000274427 -3.64178e-05 -0.00238508 
0.135 0.998472 0.0492242 0.0144891 0.0205098 19.9865 5.84798 5.41151 -0.228637 0.222332 0.273322 -1.79403 0.937518 5.32603 -0.1998 6.27754 2.86326 -6.81828e-05 1.60722e-05 0.000110506 0.000387174 6.27726e-05 -0.00239357 
0.14 0.998451 0.0491673 0.0150216 0.0212699 19.9855 5.87936 5.42578 -0.213678 0.389521 0.58625 -1.38881 0.583898 4.94534 -0.207195 6.27711 2.8426 -4.28271e-05 4.08563e-05 9.64969e-05 0.000322132 6.93724e-05 -0.00235867 
0.145 0.998429 0.0491085 0.0155535 0.02203 19.9844 5.91075 5.43994 0.121093 0.0323584 0.734971 -1.74165 0.528428 5.80578 -0.21459 6.27667 2.82124 -3.91276e-05 6.86254e-05 8.66107e-05 0.000535484 -0.000190402 -0.00271013 
0.15 0.998407 0.0490476 0.016085 0.0227901 19.9833 5.94213 5.45399 0.0243473 0.183554 0.293144 -1.55087 1.27645 5.67054 -0.221984 6.27621 2.79918 -5.47567e-05 3.9713e-05 8.87797e-05 0.000609897 -0.000375418 -0.00272526 
0.155 0.998384 0.0489846 0.016616 0.0235503 19.9822 5.97351 5.46793 -0.200675 -0.102725 0.570737 -1.10191 0.503705 4.99735 -0.229378 6.27574 2.77643 -5.5864e-05 3.33101e-05 9.43111e-05 0.000692701 -0.000604722 -0.00291893 
0.16 0.99836 0.0489196 0.0171465 0.0243105 19.9811 6.00489 5.48175 -0.39263 0.25116 0.336755 -1.6824 0.542618 5.56572 -0.236771 6.27525 2.753 -4.64476e-05 1.70718e-05 0.000114643 0.000739158 -0.000617701 -0.00291894 
0.165 0.998335 0.0488526 0.0176765 0.0250708 19.9799 6.03626 5.49546 -0.104299 -0.28534 0.322651 -1.41909 -0.140658 4.63993 -0.244163 6.27475 2.72889 -4.47571e-05 2.01472e-05 0.000118654 0.000639848 -0.000684157 -0.00307577 
0.17 0.998309 0.0487835 0.0182059 0.0258311 19.9786 6.06763 5.50904 0.217687 0.0450395 0.27714 -1.56942 0.312688 4.65011 -0.251555 6.27423 2.7041 -4.01929e-05 4.02324e-05 0.000123031 0.000549655 -0.000770982 -0.00311736 
0.175 0.998283 0.0487124 0.0187348 0.0265915 19.9773 6.099 5.5225 -0.283201 0.232032 0.144453 -1.53741 0.36817 4.57898 -0.258947 6.27369 2.67865 -3.41415e-05 5.09488e-05 0.000111891 0.000468909 -0.000687555 -0.0030687 
0.18 0.998256 0.0486393 0.0192631 0.0273519 19.976 6.13037 5.53583 0.190308 0.292312 0.186898 -1.58547 0.60713 4.96629 -0.266337 6.27314 2.65253 -3.93452e-05 4.1502e-05 0.000140233 0.00023449 -0.000880362 -0.00301906 
0.185 0.998228 0.0485642 0.0197908 0.0281124 19.9747 6.16173 5.54902 -0.260711 0.0628471 0.495002 -2.06603 0.657231 4.2968 -0.273727 6.27258 2.62577 -2.67989e-05 6.49778e-05 0.00014591 0.000343591 -0.00115612 -0.00301418 
0.19 0.9982 0.048487 0.0203179 0.028873 19.9733 6.1931 5.56208 0.405178 -0.132999 0.227125 -1.55101 0.21915 4.38529 -0.281117 6.272 2.59835 -2.61433e-05 9.05037e-05 0.000158088 0.000424875 -0.0011662 -0.00293559 
0.195 0.99817 0.0484078 0.0208444 0.0296336 19.9719 6.22445 5.57501 0.0234861 0.0944385 0.0892993 -1.75314 0.332463 4.50506 -0.288505 6.2714 2.57029 -1.63733e-05 9.17944e-05 0.000150536 0.000351526 -0.00110195 -0.00292138 
0.2 0.99814 0.0483266 0.0213703 0.0303942 19.9704 6.25581 5.58779 -0.152904 0.304348 0.525223 -1.78122 0.511872 4.09868 -0.295893 6.27079 2.5416 -4.82313e-05 9.61051e-05 0.000160368 0.000267255 -0.000978125 -0.00296904 
0.205 0.998109 0.0482434 0.0218955 0.031155 19.9689 6.28716 5.60042 0.375533 0.213205 0.363995 -1.50466 0.757799 3.77053 -0.303281 6.27016 2.51228 -4.32917e-05 0.000106167 0.000182739 0.000395528 -0.000972255 -0.00287157 
0.21 0.998078 0.0481582 0.02242 0.0319158 19.9674 6.31851 5.61291 0.116221 0.0403729 0.129797 -1.71229 0.153988 4.02578 -0.310667 6.26952 2.48235 -4.9189e-05 0.000102556 0.00019952 0.000446609 -0.00098962 -0.0027353 
0.215 0.998046 0.048071 0.0229439 0.0326767 19.9658 6.34986 5.62524 0.530573 0.213995 0.03241 -1.72214 0.254511 3.52694 -0.318053 6.26886 2.45179 -3.17565e-05 0.000109604 0.000220749 0.000587887 -0.000803831 -0.00287266 
0.22 0.998013 0.0479817 0.0234671 0.0334376 19.9642 6.3812 5.63742 0.183377 0.0503089 0.263995 -1.45739 0.484471 3.56017 -0.325438 6.26818 2.42064 -4.3681e-05 8.24057e-05 0.000217512 0.000621693 -0.000637475 -0.00300044 
0.225 0.997979 0.0478905 0.0239895 0.0341986 19.9625 6.41254 5.64945 -0.0760442 0.328278 0.425976 -1.47803 0.436027 2.88684 -0.332822 6.2675 2.38889 -2.6511e-05 7.53589e-05 0.000213217 0.000605652 -0.000787089 -0.0029879 
0.23 0.997944 0.0477973 0.0245112 0.0349597 19.9609 6.44388 5.66131 0.155851 0.199336 0.205217 -1.61307 0.233574 2.98752 -0.340205 6.26679 2.35654 -2.89664e-05 4.47305e-05 0.000220952 0.000684697 -0.000429744 -0.00273118 
0.235 0.997909 0.0477021 0.0250322 0.0357208 19.9591 6.47521 5.67301 -0.325467 0.0702387 0.273505 -1.43261 0.256307 3.70566 -0.347588 6.26607 2.32362 -1.52918e-05 4.04906e-05 0.000222753 0.000184188 -0.000620844 -0.00267405 
0.24 0.997873 0.0476048 0.0255524 0.036482 19.9574 6.50654 5.68455 -0.00618128 0.413703 0.286437 -2.1432 0.429258 3.33347 -0.354969 6.26533 2.29012 -4.12237e-05 4.38566e-05 0.000239012 0.000189395 -0.000517106 -0.00274573 
0.245 0.997836 0.0475056 0.0260718 0.0372433 19.9556 6.53786 5.69591 0.0410284 0.245376 0.368396 -1.47055 0.604341 3.10705 -0.36235 6.26458 2.25606 -1.9054e-05 4.73555e-05 0.000253382 1.82562e-05 -0.000442794 -0.00273924 
0.25 0.997798 0.0474045 0.0265904 0.0380047 19.9538 6.56918 5.70711 0.119708 0.295583 0.369541 -1.42103 -0.169956 2.49295 -0.36973 6.26382 2.22144 -3.79961e-05 5.50191e-05 0.000254636 -5.47971e-05 -0.000315793 -0.0027752 
0.255 0.99776 0.0473013 0.0271082 0.0387661 19.9519 6.6005 5.71813 -0.223154 -0.122879 0.466959 -2.3002 0.485151 2.53014 -0.377109 6.26303 2.18628 -4.71594e-05 6.23792e-05 0.000217274 -0.00010654 -0.000410746 -0.00281397 
0.26 0.997721 0.0471962 0.0276252 0.0395277 19.95 6.63181 5.72897 0.0120195 0.457695 0.387218 -1.68142 0.19975 2.36724 -0.384487 6.26224 2.15057 -2.39976e-05 4.10589e-05 0.000216261 8.53769e-05 -0.000604466 -0.00280119 
0.265 0.997681 0.0470891 0.0281414 0.0402893 19.948 6.66312 5.73963 0.125871 0.292804 0.173172 -1.97506 -0.426227 2.28546 -0.391864 6.26142 2.11433 -8.72343e-06 5.70152e-05 0.000188075 7.21399e-05 -0.000387799 -0.00285475 
0.27 0.99764 0.04698 0.0286567 0.041051 19.9461 6.69443 5.75011 -0.296998 0.129271 0.346677 -1.66912 -0.107273 1.8819 -0.39924 6.2606 2.07757 -1.17778e-05 5.67795e-05 0.000193316 7.72765e-05 -0.000526756 -0.00303363 
0.275 0.997599 0.046869 0.0291711 0.0418127 19.9441 6.72573 5.76041 0.130283 0.334296 0.326388 -1.53966 0.577212 2.09259 -0.406615 6.25975 2.0403 -5.14317e-06 3.90902e-05 0.000194625 0.000338325 -0.000560684 -0.00331793 
0.28 0.997557 0.046756 0.0296846 0.0425746 19.942 6.75702 5.77051 0.0756089 0.128467 0.623252 -1.83268 0.403547 1.72131 -0.413989 6.25889 2.00253 6.54205e-06 5.66045e-06 0.000190339 0.000235972 -0.000586952 -0.00312401 
0.285 0.997514 0.046641 0.0301972 0.0433365 19.9399 6.78832 5.78043 -0.0184761 0.0460992 0.404132 -1.5596 0.515682 2.00576 -0.421362 6.25802 1.96426 2.78432e-05 8.49256e-06 0.000198819 0.000314303 -0.000724745 -0.00317817 
0.29 0.997471 0.0465241 0.0307089 0.0440985 19.9378 6.8196 5.79015 0.166302 0.214636 0.445161 -1.86816 0.24629 2.01265 -0.428734 6.25713 1.92551 3.8342e-05 1.14297e-05 0.000184035 0.000303409 -0.00104782 -0.00316196 
0.295 0.997426 0.0464053 0.0312197 0.0448607 19.9356 6.85089 5.79968 -0.0357885 0.109722 0.424212 -1.55875 -0.037474 1.06391 -0.436105 6.25622 1.88628 3.47821e-05 -5.06713e-06 0.000183635 0.000237414 -0.000744721 -0.00331959 
0.3 0.997381 0.0462845 0.0317295 0.0456229 19.9334 6.88217 5.80902 -0.341906 0.0101337 -0.041212 -1.26143 -0.30813 1.30655 -0.443475 6.2553 1.84658 3.96639e-05 3.28466e-06 0.000186727 0.000226486 -0.000456309 -0.00337144 
0.305 0.997336 0.0461618 0.0322384 0.0463852 19.9312 6.91344 5.81815 0.0937096 0.129014 0.295216 -1.66822 -0.149874 0.950524 -0.450844 6.25436 1.80643 5.03634e-05 -7.26387e-06 0.000186512 0.000325303 -0.000660139 -0.00329597 
0.31 0.997289 0.0460372 0.0327462 0.0471475 19.9289 6.94471 5.82708 -0.0238551 0.648857 0.485692 -1.41055 0.669811 1.74667 -0.458211 6.25341 1.76584 4.59153e-05 1.58609e-05 0.00019335 0.000475208 -0.000753062 -0.00325456 
0.315 0.997242 0.0459106 0.0332531 0.04791 19.9266 6.97597 5.83581 0.23396 0.641164 0.132267 -1.92115 0.307274 1.33219 -0.465578 6.25244 1.72481 3.40614e-05 3.38347e-05 0.000188767 0.000513599 -0.00088093 -0.00292875 
0.32 0.997194 0.0457821 0.033759 0.0486726 19.9243 7.00723 5.84433 -0.371296 0.0805838 0.642735 -1.31606 -0.271413 1.18508 -0.472943 6.25146 1.68335 3.49452e-05 3.9594e-05 0.00020887 0.00038415 -0.000646203 -0.0029891 
0.325 0.997145 0.0456517 0.0342638 0.0494353 19.9219 7.03849 5.85264 0.109905 -0.000751292 0.449302 -1.84868 -0.262878 1.63389 -0.480307 6.25046 1.64148 5.77416e-05 3.58466e-05 0.000213874 0.000287562 -0.000652087 -0.00287672 
0.33 0.997095 0.0455194 0.0347676 0.050198 19.9195 7.06974 5.86074 0.159565 0.206323 -0.13089 -1.5894 0.40148 0.920634 -0.487671 6.24945 1.5992 6.38884e-05 2.63518e-05 0.000195449 0.000587953 -0.000481988 -0.00298108 
0.335 0.997045 0.0453852 0.0352703 0.0509609 19.917 7.10098 5.86863 -0.440571 0.122379 0.160291 -1.88493 0.0770667 0.919229 -0.495032 6.24842 1.55653 3.69918e-05 5.48039e-05 0.000205858 0.000611805 -0.000223982 -0.00300221 
0.34 0.996994 0.045249 0.0357719 0.0517239 19.9145 7.13222 5.87631 -0.154392 -0.103314 0.529806 -1.86672 -0.117043 1.38624 -0.502393 6.24738 1.51348 6.88099e-05 4.10884e-05 0.000231392 0.000653893 -0.00027896 -0.00291661 
0.345 0.996943 0.045111 0.0362725 0.0524869 19.912 7.16346 5.88377 0.00396756 0.0511006 0.328655 -1.57013 -0.198279 1.25764 -0.509752 6.24632 1.47005 7.14273e-05 5.66146e-05 0.0002345 0.00074683 -0.000125142 -0.00287137 
0.35 0.99689 0.0449711 0.036772 0.0532501 19.9094 7.19469 5.89101 0.105709 0.104314 0.363622 -0.991905 0.0814752 1.20894 -0.517111 6.24524 1.42625 5.26047e-05 3.63148e-05 0.000222849 0.000653375 -0.000104551 -0.00289373 
0.355 0.996837 0.0448293 0.0372703 0.0540134 19.9068 7.22591 5.89803 0.176091 0.48711 0.4474 -1.45612 -0.231281 0.936302 -0.524467 6.24415 1.38211 4.79213e-05 4.12561e-05 0.000239526 0.000823837 -0.000157252 -0.00295981 
0.36 0.996783 0.0446856 0.0377675 0.0547767 19.9042 7.25713 5.90483 0.105801 0.503819 0.025244 -1.19764 -0.150541 0.846618 -0.531823 6.24304 1.33763 4.23278e-05 3.47427e-05 0.000224098 0.00116486 -3.10465e-05 -0.00305106 
0.365 0.996728 0.0445401 0.0382635 0.0555402 19.9015 7.28834 5.9114 0.13429 0.361064 0.609551 -1.82146 0.172785 0.604421 -0.539177 6.24192 1.29281 4.53942e-05 3.17677e-05 0.000214043 0.00108615 -0.000195389 -0.00318788 
0.37 0.996673 0.0443926 0.0387584 0.0563038 19.8988 7.31955 5.91775 0.0206516 0.307212 0.21348 -1.18509 0.110723 0.782369 -0.54653 6.24079 1.24768 5.15518e-05 3.50969e-05 0.000221314 0.0011175 -0.000258507 -0.0033311 
0.375 0.996617 0.0442433 0.0392521 0.0570675 19.896 7.35075 5.92388 -0.350165 0.0546001 0.629533 -1.97261 -0.107247 0.638318 -0.553882 6.23963 1.20224 4.60155e-05 5.90728e-05 0.000227354 0.00125072 -0.000329712 -0.00348128 
0.38 0.99656 0.0440922 0.0397446 0.0578313 19.8932 7.38194 5.92978 -0.168276 -0.0110362 0.549009 -1.39649 -0.560399 0.603961 -0.561232 6.23847 1.1565 3.6616e-05 7.8016e-05 0.000212132 0.00119083 -0.000307403 -0.00355056 
0.385 0.996502 0.0439392 0.0402359 0.0585952 19.8904 7.41313 5.93544 -0.0184046 0.24854 0.444211 -1.47077 -0.236996 0.381928 -0.568581 6.23728 1.11048 4.37115e-05 9.55183e-05 0.000211508 0.0011662 -0.000263258 -0.0036051 
0.39 0.996444 0.0437843 0.040726 0.0593592 19.8876 7.44431 5.94088 0.179461 0.515464 0.630178 -1.3716 -0.15818 0.531729 -0.575928 6.23608 1.06418 7.60781e-05 8.75451e-05 0.000217867 0.00132467 -0.000297271 -0.00351246 
0.395 0.996385 0.0436277 0.0412149 0.0601233 19.8847 7.47549 5.94609 -0.113441 0.492688 0.0771339 -1.81331 0.0576853 0.00689652 -0.583274 6.23487 1.01762 7.47659e-05 9.36604e-05 0.000221356 0.00119054 -0.000301175 -0.0034341 
0.4 0.996325 0.0434691 0.0417024 0.0608876 19.8817 7.50666 5.95106 0.00359804 -0.043766 0.419957 -1.23044 0.033429 -0.126914 -0.590619 6.23364 0.970808 6.94102e-05 8.18159e-05 0.000202094 0.00106668 -0.0003257 -0.00331507 
0.405 0.996265 0.0433088 0.0421887 0.061652 19.8787 7.53783 5.95579 -0.1554 0.496381 0.60178 -1.8009 -0.0819477 0.0617182 -0.597962 6.2324 0.923757 0.000101439 8.61562e-05 0.000200453 0.00101892 -0.000380011 -0.00333262 
0.41 0.996204 0.0431466 0.0426738 0.0624164 19.8757 7.56899 5.96029 0.102312 -0.0559665 0.301565 -1.45812 0.158096 0.355203 -0.605303 6.23114 0.876479 0.00012025 7.24105e-05 0.000199661 0.00125373 -0.00035682 -0.00337283 
0.415 0.996142 0.0429826 0.0431575 0.063181 19.8727 7.60014 5.96456 0.0975867 0.412129 0.243323 -2.14406 -0.131103 0.431701 -0.612643 6.22986 0.828984 0.000111212 5.39685e-05 0.000183416 0.00138763 -0.000291987 -0.00336391 
0.42 0.996079 0.0428168 0.0436399 0.0639457 19.8696 7.63129 5.96858 -0.057713 0.178249 0.215995 -1.48254 0.0151967 0.500524 -0.619982 6.22857 0.781285 0.000115704 7.36565e-05 0.000188286 0.00158053 -0.000695888 -0.00340397 
0.425 0.996016 0.0426492 0.044121 0.0647106 19.8665 7.66243 5.97237 -0.361862 0.472202 0.0912871 -1.25074 0.289425 -0.397836 -0.627319 6.22726 0.733393 0.000109536 5.56319e-05 0.000210756 0.00163035 -0.000716467 -0.0035622 
0.43 0.995951 0.0424798 0.0446007 0.0654755 19.8633 7.69356 5.97592 -0.0111095 0.261727 0.586614 -2.22733 -0.0220085 -0.499144 -0.634655 6.22594 0.68532 0.000112748 6.7823e-05 0.000217146 0.00155325 -0.000822915 -0.00347329 
0.435 0.995887 0.0423086 0.0450791 0.0662406 19.8601 7.72468 5.97922 -0.183926 0.376227 0.26014 -1.62412 -0.169389 0.0706279 -0.641989 6.22461 0.637078 0.000118094 6.34332e-05 0.00021422 0.00178401 -0.000918196 -0.00328972 
0.44 0.995821 0.0421356 0.0455561 0.0670058 19.8569 7.7558 5.98229 -0.169146 -0.005668 0.0760757 -1.10011 -0.0249661 0.649477 -0.649321 6.22325 0.588678 0.000107978 7.07395e-05 0.000213437 0.00162346 -0.00109195 -0.00324569 
0.445 0.995755 0.0419609 0.0460318 0.0677711 19.8537 7.78692 5.98511 0.318395 0.0867492 0.224222 -2.04483 -0.0130014 0.433037 -0.656652 6.22189 0.540134 0.000106911 6.88295e-05 0.000220343 0.00139417 -0.001184 -0.00340223 
0.45 0.995688 0.0417844 0.046506 0.0685365 19.8504 7.81802 5.98769 -0.259959 0.00968635 0.547364 -2.14748 -0.250846 -0.0122987 -0.663981 6.2205 0.491456 0.000120754 5.98073e-05 0.000229508 0.00141691 -0.000929404 -0.00334559 
0.455 0.99562 0.0416061 0.0469788 0.069302 19.847 7.84912 5.99002 0.022892 -0.224257 0.50817 -1.45648 -0.0774289 0.0678617 -0.671309 6.2191 0.442657 0.000123626 9.35272e-05 0.000235939 0.00139079 -0.00101015 -0.0034883 
0.46 0.995552 0.041426 0.0474502 0.0700677 19.8436 7.88021 5.99211 0.268184 0.367848 0.0279713 -1.45843 -0.0452902 0.301572 -0.678634 6.21769 0.393749 0.00014302 8.4567e-05 0.000225118 0.00128119 -0.000848617 -0.00359632 
0.465 0.995482 0.0412442 0.0479201 0.0708335 19.8402 7.9113 5.99396 -0.0660768 0.137479 0.472505 -0.978339 0.614908 -0.273018 -0.685959 6.21626 0.344743 0.00013657 9.79619e-05 0.000233056 0.00123185 -0.00069133 -0.00377766 
0.47 0.995413 0.0410607 0.0483886 0.0715995 19.8368 7.94238 5.99556 -0.132805 0.170426 0.873269 -1.60891 -0.279426 -0.0327255 -0.693281 6.21482 0.295653 0.000143323 0.00010061 0.00023821 0.00121298 -0.000541266 -0.0037728 
0.475 0.995342 0.0408754 0.0488556 0.0723655 19.8333 7.97345 5.99692 -0.221423 0.170919 0.264677 -1.38961 0.41404 -0.633531 -0.700602 6.21336 0.246489 0.000142731 0.000102442 0.000231134 0.00131881 -0.000526875 -0.00369964 
0.48 0.995271 0.0406884 0.0493211 0.0731317 19.8298 8.00451 5.99803 0.299563 0.158855 0.536969 -1.27838 -0.21955 0.0195506 -0.707921 6.21188 0.197265 0.000137553 8.34247e-05 0.000245517 0.00115808 -0.000379342 -0.00378239 
0.485 0.995199 0.0404996 0.0497852 0.073898 19.8262 8.03557 5.99889 -0.421994 0.407973 0.170567 -1.51606 -0.933657 -0.386804 -0.715238 6.21039 0.147992 0.000137735 8.27312e-05 0.000247093 0.00110143 -0.000387187 -0.00396248 
0.49 0.995126 0.0403092 0.0502477 0.0746645 19.8226 8.06661 5.99951 0.360016 0.0606121 0.350559 -1.83511 -0.217403 -0.203899 -0.722554 6.20889 0.0986828 0.000135808 6.5058e-05 0.000246488 0.000957538 -0.00044339 -0.00382171 
0.495 0.995052 0.040117 0.0507087 0.075431 19.819 8.09765 5.99988 -0.10789 0.202429 0.438434 -1.31312 -0.0718455 0.125151 -0.729868 6.20737 0.049349 0.000116742 8.97196e-05 0.000219217 0.00104309 -0.000687434 -0.00371745 
0.5 0.994978 0.0399231 0.0511681 0.0761977 19.8153 8.12869 6 -0.407738 0.268049 0.374477 -0.658837 -0.0841383 -0.147019 -0.73718 6.20583 3.09819e-06 0.000117785 0.000108093 0.000255289 0.00100102 -0.000710986 -0.0038138 
0.505 0.994903 0.0397276 0.051626 0.0769646 19.8116 8.15971 5.99988 -0.0825171 0.0129249 0.530039 -2.24614 -0.115875 -0.031406 -0.74449 6.20428 -0.0493431 0.000116574 0.000133 0.000220182 0.000981927 -0.000840914 -0.00383966 
0.51 0.994828 0.0395303 0.0520823 0.0777316 19.8079 8.19073 5.99951 0.150184 0.188861 0.197796 -1.6985 -0.120459 -0.0365875 -0.751798 6.20271 -0.0986769 0.000111806 0.000119651 0.00020566 0.00131547 -0.000958857 -0.00372467 
0.515 0.994752 0.0393314 0.052537 0.0784987 19.8041 8.22174 5.99889 0.114772 0.156271 0.421038 -2.0029 -0.444127 0.229081 -0.759105 6.20113 -0.147986 0.000131459 0.000105281 0.000229327 0.00117592 -0.000689456 -0.00364301 
0.52 0.994675 0.0391308 0.0529902 0.0792659 19.8003 8.25274 5.99803 0.201706 0.472681 0.218266 -1.38945 -0.126636 0.0404175 -0.766409 6.19953 -0.197259 0.000150918 0.000100923 0.000246523 0.00106664 -0.000699822 -0.0037392 
0.525 0.994597 0.0389285 0.0534417 0.0800333 19.7964 8.28374 5.99692 -0.11518 0.147975 -0.0174363 -1.14472 -0.396183 0.1214 -0.773712 6.19792 -0.246484 0.000156118 0.000107134 0.000268691 0.00107604 -0.000686354 -0.00381551 
0.53 0.994519 0.0387246 0.0538916 0.0808008 19.7926 8.31472 5.99556 0.0893449 0.308594 0.157067 -1.08924 -0.0468367 -0.128711 -0.781013 6.19629 -0.295647 0.00016214 8.4465e-05 0.000280626 0.00111769 -0.000553337 -0.00390525 
0.535 0.99444 0.038519 0.0543399 0.0815684 19.7886 8.3457 5.99396 -0.0428834 0.100889 0.172368 -1.34212 0.225097 0.439233 -0.788311 6.19465 -0.344737 0.000153002 8.45034e-05 0.00028839 0.00105321 -0.000276776 -0.00377808 
0.54 0.99436 0.0383118 0.0547865 0.0823362 19.7847 8.37667 5.99211 -0.218614 -0.118312 -0.0374912 -1.12991 0.0186596 0.00730413 -0.795608 6.19299 -0.393743 0.000165129 9.53452e-05 0.000293764 0.000856192 -0.000265365 -0.00397853 
0.545 0.994279 0.038103 0.0552314 0.0831041 19.7807 8.40763 5.99002 0.0402115 -0.110904 0.21848 -1.59651 -0.252006 -0.352475 -0.802903 6.19131 -0.442651 0.000166627 0.000101864 0.000303123 0.000978372 -0.000527635 -0.00395822 
0.55 0.994198 0.0378925 0.0556747 0.0838722 19.7766 8.43858 5.98769 -0.0365601 0.370867 0.643967 -1.58628 0.048017 -0.107191 -0.810196 6.18962 -0.49145 0.000178141 9.45096e-05 0.000308064 0.000978875 -0.00026587 -0.00398865 
0.555 0.994116 0.0376804 0.0561163 0.0846404 19.7726 8.46952 5.98511 -0.0840096 0.252685 0.264536 -1.28645 0.0956666 0.536217 -0.817487 6.18792 -0.540128 0.000159399 0.000105387 0.000288983 0.00112243 -0.000302723 -0.00407258 
0.56 0.994034 0.0374667 0.0565561 0.0854087 19.7685 8.50046 5.98229 0.291193 0.0982283 0.531702 -1.6279 0.131672 -0.131104 -0.824776 6.1862 -0.588672 0.000168462 0.000105956 0.00027731 0.00117434 -0.000237114 -0.00416954 
0.565 0.99395 0.0372514 0.0569943 0.0861772 19.7643 8.53139 5.97922 -0.443214 -0.120194 0.459189 -1.69664 -0.43492 -0.133878 -0.832063 6.18447 -0.637072 0.000170762 0.000105249 0.000290711 0.00108826 -2.72862e-05 -0.00422754 
0.57 0.993866 0.0370345 0.0574307 0.0869458 19.7601 8.5623 5.97592 -0.115181 0.141049 0.437848 -1.54649 -0.412903 -0.02378 -0.839348 6.18272 -0.685314 0.000168284 0.000127289 0.000297786 0.00108962 0.000122246 -0.00418676 
0.575 0.993782 0.036816 0.0578654 0.0877145 19.7559 8.59321 5.97237 -0.232545 0.270615 0.0235899 -1.73773 -0.407114 0.0306476 -0.846631 6.18095 -0.733387 0.000142173 0.000132972 0.000310832 0.00116881 2.55191e-06 -0.00453165 
0.58 0.993696 0.036596 0.0582983 0.0884834 19.7517 8.62411 5.96858 -0.205897 0.494722 0.205456 -1.29569 -0.321996 -0.312276 -0.853912 6.17917 -0.781279 0.000141942 0.000133554 0.000328068 0.00113835 -0.000228999 -0.00457943 
0.585 0.99361 0.0363743 0.0587295 0.0892525 19.7474 8.655 5.96456 -0.194402 0.184108 0.317374 -1.72673 0.111505 0.417394 -0.86119 6.17737 -0.828978 0.000133703 0.000148862 0.000344169 0.0012768 -0.000164374 -0.00467197 
0.59 0.993524 0.0361512 0.0591588 0.0900216 19.7431 8.68589 5.96029 0.0110666 0.574256 0.581514 -1.27717 0.236731 -0.175094 -0.868467 6.17556 -0.876473 0.000134257 0.000157804 0.000360739 0.0012647 -1.35933e-05 -0.00469546 
0.595 0.993436 0.0359264 0.0595864 0.090791 19.7387 8.71676 5.95579 -0.177719 0.255036 0.390871 -1.42749 0.275557 0.0473177 -0.875741 6.17373 -0.923751 0.00013597 0.000154898 0.000383325 0.00109975 0.000175436 -0.00472495 
0.6 0.993348 0.0357001 0.0600122 0.0915604 19.7343 8.74762 5.95106 -0.230231 0.319589 0.284619 -1.86095 -0.0352782 0.665561 -0.883013 6.17189 -0.970802 0.000185061 0.000155978 0.000376514 0.00097293 6.31994e-06 -0.00450621 
0.605 0.993259 0.0354723 0.0604361 0.09233 19.7299 8.77848 5.94609 0.27602 0.531077 0.212676 -1.48656 -0.130452 0.191896 -0.890283 6.17004 -1.01761 0.000185137 0.00018093 0.000377127 0.00112435 0.000184964 -0.00405418 
0.61 0.99317 0.035243 0.0608582 0.0930998 19.7254 8.80932 5.94088 -0.133284 0.10779 0.684201 -1.56276 -0.441697 0.190538 -0.897551 6.16816 -1.06417 0.000202172 0.000192694 0.00040533 0.00113536 0.000275545 -0.00393031 
0.615 0.99308 0.0350121 0.0612785 0.0938697 19.7209 8.84016 5.93544 0.0543057 0.192617 0.217063 -1.57589 -0.0342081 0.398982 -0.904816 6.16628 -1.11047 0.000188014 0.00016758 0.000400007 0.00131467 0.000242992 -0.00394604 
0.62 0.992989 0.0347797 0.0616969 0.0946397 19.7164 8.87099 5.92978 0.204686 0.480799 0.280585 -1.74873 0.175059 0.589339 -0.91208 6.16437 -1.15649 0.000181634 0.000188593 0.000417776 0.000966463 6.5802e-05 -0.00407663 
0.625 0.992898 0.0345459 0.0621134 0.0954099 19.7118 8.9018 5.92388 -0.399436 -0.079405 0.0108958 -1.50858 -0.34455 0.70208 -0.919341 6.16246 -1.20223 0.000169618 0.000182788 0.000403023 0.000809364 8.37091e-05 -0.00405743 
0.63 0.992805 0.0343105 0.0625281 0.0961802 19.7072 8.93261 5.91776 -0.164824 -0.138272 0.224104 -1.43632 -0.332768 0.611641 -0.9266 6.16052 -1.24767 0.000170528 0.000190304 0.000382917 0.00105207 0.000206423 -0.00399476 
0.635 0.992712 0.0340737 0.0629408 0.0969507 19.7025 8.96341 5.9114 -0.0924884 0.675205 -0.071183 -1.72191 -0.255555 0.850365 -0.933856 6.15857 -1.29281 0.000182885 0.000182315 0.000402091 0.00106159 -4.03887e-10 -0.00383894 
0.64 0.992619 0.0338353 0.0633517 0.0977213 19.6978 8.9942 5.90483 0.275143 0.080468 0.340586 -1.23554 -0.676571 1.00032 -0.941111 6.15661 -1.33762 0.000179729 0.000156331 0.000406035 0.000809336 1.5292e-05 -0.00384394 
0.645 0.992525 0.0335955 0.0637606 0.0984921 19.6931 9.02498 5.89803 0.0090413 0.434909 0.515198 -1.67078 -0.0418085 1.01316 -0.948362 6.15463 -1.38211 0.000145509 0.000141798 0.000392427 0.00074149 0.000212604 -0.00410933 
0.65 0.99243 0.0333543 0.0641676 0.099263 19.6883 9.05574 5.89101 0.00835786 0.246299 0.344753 -1.25685 -0.133247 1.22271 -0.955612 6.15264 -1.42625 0.00013398 0.00014362 0.00040854 0.000814075 0.000109074 -0.00425282 
0.655 0.992334 0.0331116 0.0645726 0.100034 19.6835 9.0865 5.88377 0.141718 -0.0544252 0.242876 -1.77965 -0.0798642 1.06794 -0.962859 6.15063 -1.47004 0.000138345 0.000145161 0.000414136 0.000950901 3.53753e-05 -0.00423697 
0.66 0.992238 0.0328675 0.0649757 0.100805 19.6787 9.11725 5.87631 -0.142775 0.200722 0.566711 -1.78657 -0.37467 0.887373 -0.970104 6.14861 -1.51347 0.000160198 0.000163135 0.000391555 0.00119623 -3.82559e-06 -0.00429825 
0.665 0.992141 0.0326219 0.0653768 0.101577 19.6738 9.14799 5.86863 -0.226125 0.114297 0.330958 -1.51449 -0.021433 0.795637 -0.977347 6.14657 -1.55653 0.000142661 0.000178723 0.00039761 0.00113985 -0.000155638 -0.00446693 
0.67 0.992043 0.032375 0.0657759 0.102348 19.6689 9.17872 5.86074 -0.0907917 0.289272 0.290755 -1.83761 -0.120561 1.22318 -0.984587 6.14451 -1.5992 0.000143471 0.000178231 0.000402224 0.00121271 -0.00032703 -0.00473841 
0.675 0.991945 0.0321266 0.066173 0.10312 19.664 9.20943 5.85264 -0.0888434 0.226082 0.157691 -1.56201 0.222243 1.46232 -0.991824 6.14244 -1.64147 0.000146381 0.00018159 0.000406334 0.00105912 -0.000383972 -0.00457454 
0.68 0.991846 0.0318768 0.0665682 0.103891 19.659 9.24014 5.84433 0.0960592 0.0319505 0.50382 -1.48036 -0.130989 1.06139 -0.999059 6.14036 -1.68335 0.000134454 0.000207674 0.00040797 0.00123809 -0.000194892 -0.00452737 
0.685 0.991747 0.0316256 0.0669613 0.104663 19.654 9.27084 5.83581 -0.192585 0.304842 0.042487 -1.51872 0.0535329 1.4742 -1.00629 6.13826 -1.7248 0.000140118 0.000184849 0.000408392 0.00119558 -0.000373346 -0.0045386 
0.69 0.991646 0.0313731 0.0673523 0.105435 19.649 9.30152 5.82708 -0.0142249 0.202958 0.414633 -2.21094 -0.24708 0.825813 -1.01352 6.13614 -1.76583 0.00014902 0.000182378 0.00043217 0.00110092 -0.00042839 -0.00466882 
0.695 0.991546 0.0311192 0.0677414 0.106208 19.6439 9.3322 5.81815 -0.0695035 0.162066 0.399691 -1.74664 0.0606883 1.6725 -1.02075 6.13401 -1.80643 0.000148825 0.000168611 0.000420853 0.000967431 -0.000454199 -0.00448012 
0.7 0.991444 0.0308639 0.0681284 0.10698 19.6388 9.36286 5.80902 -0.360056 -0.0852714 0.0203266 -1.39056 -0.126474 2.17945 -1.02798 6.13187 -1.84658 0.000139684 0.000158358 0.000408902 0.00079954 -0.000469149 -0.00459483 
0.705 0.991342 0.0306072 0.0685133 0.107753 19.6336 9.39352 5.79969 -0.0283066 0.31387 0.239767 -1.86343 0.172333 2.19351 -1.0352 6.12971 -1.88627 0.000150031 0.000153628 0.000402114 0.000884517 -0.000572611 -0.00450325 
0.71 0.991239 0.0303492 0.0688961 0.108525 19.6284 9.42416 5.79016 -0.051238 0.265521 0.123879 -1.96022 0.140201 1.86814 -1.04242 6.12753 -1.9255 0.000142743 0.000152393 0.000413528 0.000796461 -0.000678805 -0.00419823 
0.714999 0.991135 0.0300899 0.0692769 0.109298 19.6232 9.45479 5.78043 -0.291807 0.286796 0.147711 -1.36665 -0.0650135 1.44854 -1.04964 6.12534 -1.96425 0.000115051 0.000160209 0.000402994 0.00103079 -0.000641135 -0.00439783 
0.719999 0.991031 0.0298293 0.0696555 0.110071 19.6179 9.48541 5.77051 -0.235589 0.181127 0.186689 -1.84201 -0.21978 2.44962 -1.05685 6.12313 -2.00252 0.0001147 0.000190488 0.000401088 0.0010691 -0.000568327 -0.00458374 
0.724999 0.990926 0.0295673 0.0700321 0.110844 19.6126 9.51602 5.76041 -0.161011 0.291508 0.309525 -1.61588 0.0448207 2.16952 -1.06406 6.12091 -2.0403 0.000144678 0.000202956 0.00038441 0.00125044 -0.000590584 -0.00428919 
0.729999 0.990821 0.0293041 0.0704065 0.111617 19.6073 9.54662 5.75011 0.0125138 -0.515646 7.98255e-05 -2.31023 0.388148 1.7794 -1.07127 6.11868 -2.07757 0.000130717 0.000203 0.000390243 0.00112119 -0.000594847 -0.0044461 
0.734999 0.990715 0.0290395 0.0707788 0.112391 19.6019 9.57721 5.73963 -0.213418 0.505621 0.19493 -1.80682 0.418315 2.13891 -1.07848 6.11642 -2.11433 0.000144118 0.000192617 0.000380646 0.00148386 -0.000614859 -0.00430601 
0.739999 0.990608 0.0287737 0.071149 0.113164 19.5965 9.60779 5.72897 0.154318 0.138519 0.449048 -1.93338 -0.547423 2.67698 -1.08568 6.11416 -2.15056 0.000157161 0.000163173 0.000372289 0.00141583 -0.000464621 -0.00428164 
0.744999 0.9905 0.0285066 0.071517 0.113938 19.591 9.63835 5.71813 0.03818 0.297954 0.265493 -2.02817 0.127559 2.59834 -1.09289 6.11188 -2.18627 0.000163085 0.000160366 0.000354969 0.00145587 -0.000491681 -0.00418889 
0.749999 0.990392 0.0282382 0.0718828 0.114712 19.5855 9.6689 5.70711 -0.266074 0.60434 0.296437 -1.20684 -0.120407 2.36863 -1.10008 6.10958 -2.22144 0.000150765 0.000172033 0.000354875 0.00164903 -0.00069593 -0.00429439 
0.754999 0.990283 0.0279686 0.0722464 0.115486 19.58 9.69945 5.69591 -0.46039 0.123055 0.317582 -1.88107 0.539503 3.11065 -1.10728 6.10727 -2.25606 0.000124204 0.00019087 0.000341655 0.001497 -0.000634456 -0.00440442 
0.759999 0.990174 0.0276977 0.0726079 0.11626 19.5745 9.72998 5.68455 -0.22712 0.693745 0.465104 -2.29916 -0.196383 2.61835 -1.11447 6.10494 -2.29012 0.000123343 0.00019954 0.000353863 0.00187039 -0.000492158 -0.00462053 
0.764999 0.990064 0.0274256 0.0729672 0.117034 19.5689 9.7605 5.67301 -0.161079 -0.0700612 0.199525 -2.04439 0.17293 2.78507 -1.12167 6.1026 -2.32362 0.0001271 0.000163893 0.000345525 0.00194354 -0.000568663 -0.0043551 
0.769999 0.989953 0.0271522 0.0733242 0.117809 19.5633 9.791 5.66131 -0.567808 0.0676949 0.223327 -1.89112 0.00746496 2.97367 -1.12885 6.10024 -2.35654 0.000146053 0.000164789 0.000308194 0.00207714 -0.000662392 -0.00424639 
0.774999 0.989842 0.0268777 0.0736791 0.118583 19.5576 9.8215 5.64945 -0.156552 0.198471 0.387021 -2.17435 -0.0324348 3.06854 -1.13604 6.09787 -2.38888 0.000143064 0.000160276 0.000313446 0.00201469 -0.000733965 -0.00424643 
0.779999 0.98973 0.0266019 0.0740317 0.119358 19.5519 9.85198 5.63743 -0.157539 0.264249 0.605057 -1.51872 0.22973 3.26902 -1.14322 6.09549 -2.42064 0.000152616 0.000135345 0.000325967 0.00191963 -0.000832937 -0.00418411 
0.784999 0.989617 0.026325 0.0743821 0.120133 19.5462 9.88245 5.62524 0.111048 -0.3089 0.448238 -2.13299 -0.236418 3.22005 -1.1504 6.09308 -2.45179 0.000170428 0.000114285 0.000310625 0.00201385 -0.000693832 -0.00407736 
0.789999 0.989504 0.0260469 0.0747302 0.120908 19.5404 9.91291 5.61291 -0.118898 -0.0296836 0.370486 -2.23128 -0.0400206 3.01286 -1.15758 6.09067 -2.48234 0.000151315 0.000103966 0.000299176 0.0019329 -0.000725578 -0.00400562 
0.794999 0.98939 0.0257676 0.0750761 0.121683 19.5346 9.94336 5.60042 0.047975 0.185498 0.00024776 -1.63055 0.162825 3.86752 -1.16475 6.08823 -2.51228 0.000138038 7.95474e-05 0.000332109 0.00189392 -0.000591872 -0.00393517 
0.799999 0.989276 0.0254871 0.0754197 0.122458 19.5287 9.97379 5.58779 -0.429881 0.265784 0.481027 -1.79817 0.068483 3.97854 -1.17192 6.08579 -2.5416 0.000125803 9.08838e-05 0.000353082 0.00198076 -0.000339681 -0.00405592 
0.804999 0.98916 0.0252055 0.075761 0.123234 19.5229 10.0042 5.57501 -0.41224 0.254667 0.240389 -2.35879 0.0685655 3.6181 -1.17909 6.08333 -2.57029 0.000145584 7.02062e-05 0.000354809 0.00217676 -0.00021406 -0.00411654 
0.809999 0.989045 0.0249228 0.0761 0.124009 19.517 10.0346 5.56208 0.0444394 0.0123661 0.220034 -1.93395 0.128614 4.61711 -1.18626 6.08085 -2.59835 0.00015648 5.34524e-05 0.000344927 0.00226586 -0.000323266 -0.0040166 
0.814999 0.988928 0.0246389 0.0764367 0.124785 19.511 10.065 5.54902 -0.156262 0.114193 0.28593 -2.2943 0.208706 4.23207 -1.19342 6.07836 -2.62576 0.000172043 7.13658e-05 0.000335315 0.00210098 -5.91676e-05 -0.00386647 
0.819999 0.988811 0.0243539 0.0767711 0.125561 19.505 10.0954 5.53583 -0.00394429 0.361441 0.0978282 -2.30785 -0.0158212 4.06688 -1.20058 6.07585 -2.65253 0.000150837 8.97032e-05 0.00033605 0.00205856 -0.000242743 -0.00373485 
0.824999 0.988693 0.0240678 0.0771032 0.126337 19.499 10.1258 5.5225 -0.298062 -0.0495079 0.249188 -1.96025 0.317685 3.99248 -1.20773 6.07333 -2.67865 0.000142238 8.47148e-05 0.00032746 0.00201472 -0.000347204 -0.00370372 
0.829999 0.988575 0.0237806 0.077433 0.127113 19.4929 10.1561 5.50904 -0.609063 0.077617 0.325301 -2.33308 0.440757 4.54175 -1.21489 6.07079 -2.7041 0.000164719 9.52604e-05 0.000320558 0.00216889 -0.000420369 -0.00363088 
0.834999 0.988456 0.0234923 0.0777604 0.127889 19.4869 10.1865 5.49546 -0.0633127 -0.0232483 0.0816313 -2.35545 0.267805 4.51941 -1.22204 6.06824 -2.72888 0.000172935 8.70113e-05 0.000317413 0.00235094 -0.000510968 -0.00378125 
0.839999 0.988337 0.0232029 0.0780855 0.128666 19.4807 10.2168 5.48176 -0.34755 -0.0870217 0.18472 -2.63378 0.0710268 4.64735 -1.22919 6.06567 -2.753 0.000159609 9.36536e-05 0.000312751 0.00217858 -0.000339254 -0.00386508 
0.844999 0.988216 0.0229125 0.0784082 0.129442 19.4746 10.2471 5.46793 -0.0397851 -0.0205191 0.100962 -2.34754 0.126833 4.81358 -1.23633 6.06309 -2.77643 0.000142044 7.64286e-05 0.000312557 0.00228798 -9.3512e-05 -0.00389296 
0.849999 0.988096 0.022621 0.0787285 0.130219 19.4684 10.2775 5.45399 -0.233506 -0.0167125 0.485835 -2.24887 0.112076 5.46857 -1.24347 6.06049 -2.79918 0.000126635 5.46485e-05 0.000319034 0.00222588 -0.000105871 -0.00398941 
0.854999 0.987974 0.0223285 0.0790465 0.130996 19.4621 10.3078 5.43994 0.075182 -0.0879493 0.646296 -2.60371 0.506079 5.35859 -1.25061 6.05788 -2.82123 0.000132639 7.43028e-05 0.000299619 0.00252432 -0.000132233 -0.00394949 
0.859999 0.987852 0.0220349 0.0793621 0.131773 19.4559 10.338 5.42578 0.297081 0.068798 0.523549 -2.02605 0.0412902 5.44787 -1.25775 6.05525 -2.8426 0.000129189 9.23002e-05 0.000276155 0.00247994 -7.27954e-05 -0.00404224 
0.864999 0.98773 0.0217403 0.0796752 0.13255 19.4495 10.3683 5.41152 -0.352047 0.102602 0.200925 -2.0936 0.358376 5.34027 -1.26488 6.05261 -2.86326 0.00014479 0.000116463 0.00029218 0.00278531 -4.46032e-05 -0.00421529 
0.869999 0.987606 0.0214448 0.079986 0.133327 19.4432 10.3986 5.39715 -0.172673 0.274063 -0.10284 -2.6316 0.310567 5.65431 -1.27201 6.04996 -2.88321 0.000143552 0.00012287 0.000299197 0.0029598 2.03099e-05 -0.00423685 
0.874999 0.987482 0.0211482 0.0802944 0.134105 19.4368 10.4288 5.38269 0.111286 -0.0429367 0.352785 -2.36484 0.153282 5.89895 -1.27913 6.04729 -2.90245 0.000119565 0.000133497 0.000286543 0.00290485 -4.28779e-05 -0.00420114 
0.879999 0.987358 0.0208506 0.0806003 0.134882 19.4304 10.459 5.36813 0.124169 -0.214125 0.318504 -2.89786 -0.0748428 5.5721 -1.28625 6.0446 -2.92098 9.47551e-05 0.000138915 0.000292317 0.00282722 -0.000242636 -0.00422562 
0.884999 0.987233 0.020552 0.0809038 0.13566 19.424 10.4893 5.35348 -0.195654 -0.102444 0.428232 -2.84561 0.438262 6.17772 -1.29337 6.0419 -2.93878 0.000104135 0.000154377 0.000294859 0.00298132 -4.56437e-05 -0.00446893 
0.889999 0.987107 0.0202525 0.0812049 0.136438 19.4175 10.5195 5.33874 -0.161069 0.327213 0.742561 -2.49871 0.065856 6.34241 -1.30049 6.03918 -2.95586 0.000125464 0.000155602 0.000292648 0.00287365 -0.0001882 -0.00429218 
0.894999 0.986981 0.019952 0.0815035 0.137216 19.411 10.5496 5.32392 0.0543101 0.12769 0.611568 -2.40973 0.386282 5.98245 -1.3076 6.03645 -2.97221 0.00012537 0.000143769 0.000296503 0.00302151 -0.000142263 -0.00429225 
0.899999 0.986854 0.0196506 0.0817996 0.137994 19.4044 10.5798 5.30902 -0.0167117 0.353729 0.149981 -2.40978 0.720116 6.02013 -1.31471 6.0337 -2.98783 0.000131138 0.000151207 0.000294924 0.00302588 -0.000198658 -0.00414616 
0.904999 0.986726 0.0193483 0.0820933 0.138772 19.3978 10.61 5.29404 -0.0785712 0.34891 0.0123854 -2.2818 0.203657 6.46423 -1.32182 6.03094 -3.00271 0.000149045 0.00015135 0.000284867 0.00287141 -0.00019807 -0.0042816 
0.909999 0.986598 0.019045 0.0823845 0.13955 19.3912 10.6401 5.27899 0.0526746 0.0367188 0.267082 -3.02382 0.358185 6.4064 -1.32892 6.02817 -3.01685 0.000146822 0.000133169 0.000281223 0.00292486 -0.000101926 -0.00422552 
0.914999 0.986469 0.0187408 0.0826732 0.140329 19.3845 10.6703 5.26388 -0.161774 0.296987 0.693378 -2.85302 0.252563 6.80512 -1.33602 6.02538 -3.03024 0.000146886 0.000132133 0.000273307 0.00286312 -0.000215948 -0.0043577 
0.919999 0.98634 0.0184357 0.0829595 0.141107 19.3778 10.7004 5.24869 -0.136499 0.409097 0.913586 -2.29138 0.583477 7.49696 -1.34312 6.02257 -3.04289 0.000154104 0.000126302 0.000267377 0.00305681 -1.84004e-05 -0.00409563 
0.924999 0.98621 0.0181298 0.0832432 0.141886 19.3711 10.7305 5.23345 0.486565 0.120322 0.0572647 -3.43239 0.134304 6.47735 -1.35021 6.01975 -3.05479 0.000156694 0.000125363 0.000250003 0.00311372 0.00013991 -0.00396148 
0.929999 0.986079 0.0178229 0.0835244 0.142665 19.3643 10.7606 5.21815 -0.114771 -0.0679584 0.521071 -1.79126 0.248079 7.56467 -1.3573 6.01691 -3.06593 0.000147675 0.000129682 0.000256203 0.00305181 0.000214723 -0.00411125 
0.934999 0.985948 0.0175152 0.0838031 0.143444 19.3575 10.7907 5.20279 -0.010127 0.209595 0.135958 -2.18833 0.192288 7.50915 -1.36439 6.01406 -3.07632 0.000152878 0.000144067 0.000270032 0.00325061 0.000472332 -0.00399599 
0.939999 0.985817 0.0172067 0.0840793 0.144223 19.3507 10.8207 5.18738 -0.0780311 0.525272 0.196845 -2.19801 0.179521 6.84141 -1.37147 6.0112 -3.08595 0.000162526 0.000150168 0.000254253 0.0030713 0.000451381 -0.00395296 
0.944999 0.985684 0.0168973 0.0843529 0.145002 19.3438 10.8508 5.17193 -0.0786959 0.0530631 0.193797 -2.84078 0.0778906 7.62965 -1.37855 6.00832 -3.09481 0.000174335 0.000164597 0.000236315 0.00294172 0.000574282 -0.00397161 
0.949999 0.985551 0.016587 0.084624 0.145782 19.3369 10.8808 5.15644 -0.0430271 0.0183685 0.436758 -2.85582 0.161329 8.00055 -1.38563 6.00543 -3.10291 0.000191545 0.000171504 0.000255115 0.00299732 0.000615265 -0.00393983 
0.954999 0.985418 0.016276 0.0848925 0.146561 19.33 10.9108 5.1409 0.162275 0.0118088 0.585368 -2.70916 -0.141355 7.74159 -1.3927 6.00252 -3.11025 0.000175107 0.000178849 0.000245171 0.00314883 0.000483606 -0.00368259 
0.959999 0.985284 0.0159641 0.0851585 0.147341 19.323 10.9408 5.12534 -0.0635381 -0.225392 0.435288 -3.14544 0.0465759 8.15772 -1.39977 5.99959 -3.11682 0.000193726 0.000177998 0.000235887 0.00326603 0.000694561 -0.00382779 
0.964999 0.985149 0.0156515 0.0854219 0.14812 19.316 10.9708 5.10974 -0.209204 0.0129209 -0.118767 -2.83987 -0.0854936 9.09305 -1.40684 5.99665 -3.12262 0.00019179 0.000200723 0.000227138 0.0029993 0.000807629 -0.00383154 
0.969999 0.985014 0.0153381 0.0856828 0.1489 19.3089 11.0008 5.09411 -0.0643379 0.341084 0.196674 -3.09431 0.211283 8.92659 -1.4139 5.9937 -3.12765 0.000166369 0.000174311 0.000222691 0.00304452 0.00063867 -0.00394097 
0.974999 0.984878 0.0150239 0.085941 0.14968 19.3018 11.0308 5.07846 -0.479452 0.351057 0.219581 -2.65243 0.743057 8.18479 -1.42096 5.99073 -3.13191 0.000155215 0.0001694 0.000212006 0.00307087 0.000509998 -0.004012 
0.979999 0.984741 0.0147089 0.0861967 0.15046 19.2947 11.0607 5.06279 0.00215167 0.409929 -0.0731218 -3.4002 0.901039 8.64888 -1.42802 5.98775 -3.13539 0.000162301 0.000157571 0.000208207 0.00300901 0.000455257 -0.00402134 
0.984999 0.984604 0.0143932 0.0864498 0.15124 19.2875 11.0906 5.04711 -0.0297374 0.334556 0.65449 -3.31527 0.0946037 8.59969 -1.43507 5.98475 -3.1381 0.00016369 0.000173207 0.000211995 0.00308943 0.000841866 -0.00416424 
0.989999 0.984467 0.0140768 0.0867003 0.152021 19.2803 11.1205 5.03141 -0.271602 0.210876 0.570414 -3.27342 0.769925 9.27785 -1.44212 5.98174 -3.14004 0.000172229 0.000157033 0.000216312 0.00307125 0.00079278 -0.00429516 
0.994999 0.984328 0.0137596 0.0869481 0.152801 19.2731 11.1504 5.01571 -0.126824 0.0380644 0.254168 -3.13495 0.939793 9.24813 -1.44917 5.97871 -3.14121 0.000155586 0.000142163 0.000195446 0.00315914 0.000658717 -0.00434084 
0.999999 0.98419 0.0134417 0.0871934 0.153582 19.2658 11.1803 5 -0.512178 -0.163333 0.242392 -3.32081 0.502425 8.87536 -1.45621 5.97566 -3.14159 0.000154628 0.000156661 0.000205158 0.00305417 0.000770863 -0.00417384 
1.005 0.98405 0.0131232 0.087436 0.154362 19.2586 11.2102 4.98429 0.203329 0.360793 0.380762 -3.46253 0.464511 9.71297 -1.46325 5.97261 -3.14121 0.000168201 0.000136546 0.000205127 0.003243 0.000656697 -0.00422018 
1.01 0.98391 0.0128039 0.087676 0.155143 19.2512 11.2401 4.96859 -0.0338921 0.216275 -0.0853127 -3.40193 0.555745 10.3067 -1.47028 5.96954 -3.14004 0.000166114 0.00012338 0.000202745 0.00306375 0.000732721 -0.00429131 
1.015 0.98377 0.012484 0.0879133 0.155924 19.2438 11.2699 4.9529 0.137699 0.111683 0.49457 -3.18395 0.41002 9.50516 -1.47731 5.96645 -3.13811 0.000162567 0.000115945 0.000207899 0.00287439 0.000687461 -0.00418733 
1.02 0.983629 0.0121634 0.088148 0.156705 19.2364 11.2997 4.93721 0.0121989 0.32948 0.665204 -3.05832 0.4418 9.89572 -1.48434 5.96335 -3.13539 0.000183752 0.000109018 0.000190958 0.00298158 0.000824593 -0.00414149 
1.025 0.983487 0.0118421 0.0883801 0.157486 19.229 11.3295 4.92154 0.0576296 0.0346526 0.171144 -3.45755 0.289826 9.85532 -1.49136 5.96023 -3.13191 0.000167393 9.85537e-05 0.000187714 0.00309809 0.000967123 -0.00410957 
1.03 0.983345 0.0115202 0.0886095 0.158267 19.2215 11.3593 4.90589 -0.55766 0.581975 0.0703906 -3.4776 0.314823 10.1637 -1.49838 5.9571 -3.12765 0.000158201 9.71033e-05 0.000146041 0.00311854 0.000962225 -0.00411435 
1.035 0.983202 0.0111977 0.0888362 0.159048 19.214 11.3891 4.89027 -0.390434 -0.25229 0.441663 -3.6492 0.248996 10.4702 -1.5054 5.95396 -3.12262 0.000174739 9.49305e-05 0.000133974 0.00318199 0.000741659 -0.00398758 
1.04 0.983059 0.0108746 0.0890603 0.15983 19.2065 11.4189 4.87467 -0.252209 0.264529 0.292721 -3.90299 0.717115 9.99638 -1.51241 5.95079 -3.11682 0.000164192 0.00010613 0.000157359 0.00307022 0.000897248 -0.00394564 
1.045 0.982915 0.0105508 0.0892817 0.160611 19.1989 11.4486 4.8591 -0.183976 0.0590682 0.221485 -3.55984 0.67982 10.799 -1.51942 5.94762 -3.11025 0.000163816 0.000106191 0.000115214 0.003127 0.000772644 -0.00375442 
1.05 0.98277 0.0102265 0.0895004 0.161393 19.1913 11.4783 4.84357 0.22418 0.370303 0.0791285 -3.29243 0.0420823 10.5652 -1.52642 5.94443 -3.10292 0.000185259 9.13174e-05 0.000120977 0.00303594 0.000775885 -0.00390661 
1.055 0.982625 0.00990159 0.0897164 0.162175 19.1836 11.5081 4.82807 -0.328194 -0.0261613 0.311126 -3.6138 0.176879 11.2494 -1.53343 5.94123 -3.09481 0.000188304 9.74613e-05 9.10047e-05 0.00309651 0.000790938 -0.00404317 
1.06 0.98248 0.00957611 0.0899297 0.162956 19.1759 11.5378 4.81262 -0.0762184 0.306463 0.157868 -2.91989 0.0728863 11.0023 -1.54042 5.93801 -3.08595 0.000179614 9.35831e-05 7.98394e-05 0.00309394 0.000820041 -0.00406739 
1.065 0.982333 0.00925008 0.0901403 0.163738 19.1682 11.5674 4.79722 -0.223587 0.334165 0.298497 -3.67694 0.424789 10.7413 -1.54742 5.93477 -3.07632 0.000174977 8.27675e-05 6.84071e-05 0.00287494 0.000828288 -0.00385729 
1.07 0.982187 0.0089235 0.0903482 0.16452 19.1605 11.5971 4.78186 0.214665 0.26509 0.173268 -4.13188 0.452527 11.4735 -1.55441 5.93153 -3.06593 0.000175351 7.38369e-05 6.39824e-05 0.00257429 0.000863053 -0.00405769 
1.075 0.982039 0.00859639 0.0905534 0.165302 19.1527 11.6268 4.76656 0.149718 0.324033 0.714498 -3.52663 -0.000878552 11.9274 -1.56139 5.92826 -3.05479 0.000192252 9.47997e-05 7.28604e-05 0.00266969 0.00075519 -0.00408111 
1.08 0.981891 0.00826877 0.0907559 0.166085 19.1449 11.6564 4.75131 0.0764753 0.253892 0.232583 -3.80984 0.183981 12.2149 -1.56837 5.92498 -3.0429 0.000182174 9.3319e-05 8.37026e-05 0.00275672 0.000658797 -0.00405433 
1.085 0.981743 0.00794064 0.0909556 0.166867 19.137 11.686 4.73613 -0.142406 0.280918 0.345817 -3.78384 0.180125 12.0844 -1.57535 5.92169 -3.03025 0.000180164 8.95235e-05 8.55812e-05 0.00267652 0.000643358 -0.00422007 
1.09 0.981594 0.00761201 0.0911526 0.167649 19.1291 11.7156 4.72101 -0.276208 -0.11508 0.324844 -4.2249 0.642057 11.9106 -1.58233 5.91839 -3.01685 0.00019819 0.000117732 8.82317e-05 0.00274587 0.000446574 -0.00451394 
1.095 0.981445 0.00728291 0.0913469 0.168432 19.1212 11.7452 4.70596 -0.355296 -0.209256 0.121708 -4.02567 0.237478 12.5101 -1.5893 5.91506 -3.00271 0.000190019 0.000124023 0.000103603 0.00254774 0.000455804 -0.00478067 
1.1 0.981294 0.00695333 0.0915384 0.169214 19.1132 11.7748 4.69099 -0.0671136 -0.140274 0.455993 -3.95267 0.591367 12.5158 -1.59626 5.91173 -2.98783 0.00019725 0.000147046 0.00011555 0.00250152 0.000338498 -0.00468431 
1.105 0.981144 0.00662329 0.0917272 0.169997 19.1052 11.8043 4.67608 -0.189656 0.0990018 0.627106 -3.82458 0.662906 12.7307 -1.60323 5.90838 -2.97222 0.0002089 0.00014054 9.40218e-05 0.00250405 0.000484237 -0.00467525 
1.11 0.980993 0.00629282 0.0919132 0.17078 19.0972 11.8338 4.66126 -0.173888 0.00954234 0.302357 -4.06595 -0.255288 12.8514 -1.61019 5.90501 -2.95587 0.000192349 0.000135737 8.11535e-05 0.00239116 0.000383803 -0.00460427 
1.115 0.980841 0.00596191 0.0920965 0.171562 19.0891 11.8634 4.64653 -0.417184 -0.216948 0.312185 -3.97953 0.756029 12.979 -1.61714 5.90163 -2.93879 0.000165046 0.00015316 7.55341e-05 0.00252163 0.000260091 -0.00465924 
1.12 0.980689 0.00563057 0.092277 0.172345 19.081 11.8929 4.63188 -0.0293542 0.57765 0.232555 -3.77412 0.664119 13.0635 -1.62409 5.89824 -2.92098 0.000158135 0.000152811 5.91817e-05 0.0026096 0.000380608 -0.00472149 
1.125 0.980536 0.00529883 0.0924548 0.173128 19.0729 11.9223 4.61732 -0.259098 0.397607 0.288859 -4.30842 0.2949 12.9007 -1.63104 5.89483 -2.90246 0.000156883 0.000156694 7.57859e-05 0.00253314 0.000732924 -0.00491328 
1.13 0.980383 0.0049667 0.0926297 0.173911 19.0647 11.9518 4.60285 -0.25957 0.0241438 0.716192 -4.10786 0.47103 13.4773 -1.63798 5.89141 -2.88321 0.000171935 0.000158345 8.60202e-05 0.00244851 0.000545552 -0.0048218 
1.135 0.980229 0.00463418 0.0928019 0.174694 19.0565 11.9813 4.58849 -0.290147 0.0413391 0.262243 -3.92873 0.698253 13.2504 -1.64492 5.88797 -2.86326 0.000170018 0.000165723 8.26097e-05 0.00224242 0.000411183 -0.00466865 
1.14 0.980074 0.0043013 0.0929713 0.175478 19.0482 12.0107 4.57422 -0.0593955 0.217601 0.268874 -3.87302 0.539009 13.0225 -1.65185 5.88452 -2.8426 0.000153194 0.000157082 5.97328e-05 0.00229981 0.000542369 -0.00481015 
1.145 0.979919 0.00396805 0.0931379 0.176261 19.04 12.0401 4.56006 -0.0719684 0.327591 0.440426 -4.12014 0.403065 13.5903 -1.65878 5.88105 -2.82124 0.00012448 0.000162136 3.17365e-05 0.00239537 0.000656906 -0.00477308 
1.15 0.979764 0.00363446 0.0933018 0.177044 19.0317 12.0695 4.54601 -0.0559376 0.0544589 0.0567696 -4.21692 0.577903 13.7005 -1.66571 5.87757 -2.79918 0.000117676 0.000166442 1.10485e-05 0.00245322 0.000318046 -0.0048167 
1.155 0.979608 0.00330053 0.0934628 0.177828 19.0233 12.0989 4.53207 0.136762 0.0773004 0.146455 -3.86785 0.460317 14.0859 -1.67263 5.87407 -2.77644 0.000114587 0.000155752 8.79478e-06 0.00257498 -2.81408e-05 -0.00479693 
1.16 0.979451 0.00296629 0.093621 0.178611 19.0149 12.1282 4.51825 -0.221158 0.322088 0.591093 -4.64462 0.248284 14.3095 -1.67955 5.87056 -2.753 0.000113128 0.000146577 -4.69759e-07 0.00255247 -4.45197e-05 -0.00488245 
1.165 0.979294 0.00263173 0.0937765 0.179395 19.0065 12.1576 4.50454 -0.0648248 -0.13885 0.421451 -4.37864 0.233482 14.2933 -1.68646 5.86704 -2.72889 0.000110264 0.000145792 4.76735e-07 0.0026741 5.93144e-06 -0.00508813 
1.17 0.979136 0.00229689 0.0939291 0.180178 18.9981 12.1869 4.49096 -0.383296 0.284609 0.530041 -4.4406 0.629808 14.2345 -1.69337 5.8635 -2.70411 9.69049e-05 0.000131672 2.1532e-05 0.00265525 -2.71016e-05 -0.00519485 
1.175 0.978978 0.00196175 0.0940789 0.180962 18.9896 12.2162 4.4775 0.205136 0.0478045 0.172584 -4.06029 0.218668 14.2043 -1.70028 5.85994 -2.67865 0.000111737 0.000108112 3.457e-05 0.00265632 -1.73516e-05 -0.00549315 
1.18 0.978819 0.00162635 0.0942258 0.181746 18.9811 12.2455 4.46418 0.216625 -0.209982 0.333153 -4.45903 0.737131 14.402 -1.70718 5.85638 -2.65254 0.000124647 0.000100299 3.06464e-05 0.00259674 -0.00011637 -0.00533103 
1.185 0.97866 0.00129069 0.09437 0.182529 18.9725 12.2748 4.45098 -0.386461 -0.134955 0.487907 -4.17938 0.52415 14.8192 -1.71408 5.85279 -2.62577 0.000128933 0.00010688 4.70554e-05 0.00279195 9.34447e-05 -0.00514826 
1.19 0.9785 0.000954782 0.0945113 0.183313 18.9639 12.304 4.43792 0.0897885 0.195637 0.428377 -4.27031 0.508208 14.3427 -1.72097 5.8492 -2.59836 0.000139175 0.000106265 3.77065e-05 0.00310249 -3.86385e-05 -0.005186 
1.195 0.97834 0.000618642 0.0946498 0.184097 18.9553 12.3333 4.425 -0.235891 -0.0566841 0.347865 -4.79608 0.741887 14.6761 -1.72786 5.84558 -2.5703 0.000147998 0.000102987 6.18143e-05 0.00323101 -2.89271e-05 -0.00535049 
1.2 0.978179 0.000282282 0.0947855 0.184881 18.9466 12.3625 4.41222 -0.290493 0.27652 0.333318 -4.49984 0.44064 15.1856 -1.73474 5.84196 -2.54161 0.000145953 8.19524e-05 5.16611e-05 0.00313888 0.000104603 -0.00571052 
1.205 0.978018 -5.42855e-05 0.0949184 0.185665 18.938 12.3917 4.39958 -0.0404057 -0.174932 0.627753 -4.24661 0.250666 15.3802 -1.74163 5.83832 -2.51229 0.000146174 8.45356e-05 4.71134e-05 0.00314327 -8.13825e-06 -0.00564715 
1.21 0.977856 -0.000391049 0.0950483 0.186449 18.9292 12.4209 4.3871 -0.284223 -0.188327 0.736574 -4.51016 0.70783 15.5551 -1.7485 5.83466 -2.48235 0.000133977 5.80846e-05 1.91132e-05 0.00324652 -4.48199e-05 -0.00532448 
1.215 0.977694 -0.000727995 0.0951755 0.187233 18.9205 12.45 4.37476 -0.0458302 -0.0929609 -0.098824 -4.5893 0.276891 15.1462 -1.75537 5.83099 -2.4518 0.000133874 5.13133e-05 5.38431e-06 0.00335578 -0.000284209 -0.0053739 
1.22 0.977531 -0.00106511 0.0952998 0.188017 18.9117 12.4792 4.36258 0.115745 0.219476 0.0817768 -4.54192 0.663608 15.1138 -1.76224 5.82731 -2.42064 0.000169775 4.23039e-05 2.20037e-05 0.00321508 -0.000312254 -0.00522844 
1.225 0.977367 -0.00140238 0.0954213 0.188801 18.9029 12.5083 4.35055 -0.162639 0.0329546 0.670742 -4.54466 0.487068 16.2482 -1.7691 5.82361 -2.38889 0.000165945 5.04839e-05 1.01327e-05 0.00331252 -0.000323135 -0.00525041 
1.23 0.977203 -0.0017398 0.0955399 0.189586 18.894 12.5374 4.33869 -0.132349 -0.167836 0.567407 -4.04143 0.301851 16.0306 -1.77596 5.8199 -2.35655 0.000172496 4.48314e-05 3.52645e-05 0.00354326 -0.000451209 -0.00537982 
1.235 0.977039 -0.00207735 0.0956556 0.19037 18.8851 12.5665 4.32699 -0.0361709 -0.189561 0.551011 -4.51965 -0.047172 15.7916 -1.78282 5.81617 -2.32363 0.000174037 5.05244e-05 3.28357e-05 0.00370592 -0.000364319 -0.00528481 
1.24 0.976874 -0.00241502 0.0957685 0.191154 18.8762 12.5956 4.31545 -0.420397 0.226999 0.467357 -4.29473 0.272526 16.5866 -1.78967 5.81243 -2.29013 0.000176223 3.77137e-05 3.19573e-05 0.00401137 -0.000506683 -0.00537036 
1.245 0.976708 -0.0027528 0.0958785 0.191939 18.8672 12.6246 4.30409 0.0392774 -0.25852 0.372346 -4.65502 0.206382 16.4314 -1.79651 5.80868 -2.25607 0.000164752 2.88068e-05 4.31753e-05 0.00401844 -0.000643542 -0.00552915 
1.25 0.976542 -0.00309067 0.0959857 0.192723 18.8582 12.6537 4.2929 -0.145466 -0.019144 0.263675 -4.46206 0.234631 16.2025 -1.80335 5.80491 -2.22145 0.000141443 4.55931e-05 3.41288e-05 0.00406968 -0.00066452 -0.00553783 
1.255 0.976376 -0.00342862 0.0960899 0.193507 18.8492 12.6827 4.28188 0.0752366 -0.312394 0.236446 -4.75808 0.677709 16.2826 -1.81019 5.80112 -2.18628 0.000139102 5.28617e-05 4.41139e-05 0.00413539 -0.000688771 -0.00559452 
1.26 0.976209 -0.00376665 0.0961914 0.194292 18.8401 12.7117 4.27103 -0.044268 -0.354102 0.05179 -4.75816 0.0461621 15.9249 -1.81702 5.79732 -2.15057 0.000140402 8.6403e-05 1.60898e-05 0.00411021 -0.000623038 -0.00534741 
1.265 0.976041 -0.00410473 0.0962899 0.195076 18.831 12.7407 4.26037 -0.559796 0.0040745 0.386245 -4.99693 0.505815 16.1124 -1.82385 5.79351 -2.11434 0.000124795 8.81319e-05 1.99907e-05 0.00412368 -0.000660508 -0.00561497 
1.27 0.975873 -0.00444285 0.0963856 0.195861 18.8219 12.7696 4.24989 -0.215583 -0.0441383 0.523691 -4.78194 0.335951 16.9234 -1.83067 5.78968 -2.07758 0.000117846 0.000104477 2.336e-05 0.00433734 -0.000574918 -0.00540852 
1.275 0.975705 -0.004781 0.0964784 0.196645 18.8127 12.7985 4.2396 -0.120204 0.0727791 0.446517 -4.49195 0.123546 16.9355 -1.83749 5.78584 -2.04031 0.000109311 0.00011163 1.02166e-05 0.00419383 -0.000657739 -0.00543484 
1.28 0.975536 -0.00511917 0.0965683 0.19743 18.8035 12.8275 4.22949 -0.163137 -0.165658 0.335192 -5.11455 0.266086 16.4018 -1.8443 5.78199 -2.00253 0.000113835 0.000118816 1.75035e-05 0.00440109 -0.000632577 -0.00570581 
1.285 0.975366 -0.00545735 0.0966553 0.198215 18.7942 12.8564 4.21957 -0.115981 -0.0485849 0.340455 -4.61505 -0.113605 16.9427 -1.85111 5.77812 -1.96427 0.000106425 0.000110953 3.68337e-05 0.00424744 -0.000696262 -0.00573431 
1.29 0.975196 -0.00579552 0.0967394 0.198999 18.785 12.8852 4.20985 -0.119907 0.226605 0.304179 -4.61736 -0.0140673 17.4613 -1.85792 5.77423 -1.92551 9.02914e-05 0.00012468 3.98271e-05 0.00412705 -0.000589793 -0.00580858 
1.295 0.975025 -0.00613368 0.0968207 0.199784 18.7757 12.9141 4.20032 -0.0363498 0.274636 0.237987 -4.8504 0.33575 16.7857 -1.86472 5.77034 -1.88628 7.25493e-05 0.000118371 5.19465e-05 0.00405714 -0.000446868 -0.00586641 
1.3 0.974854 -0.0064718 0.096899 0.200568 18.7663 12.943 4.19098 -0.207005 0.0665902 0.243621 -5.04765 0.783956 17.1711 -1.87151 5.76642 -1.84659 6.99313e-05 9.69675e-05 4.60118e-05 0.00430753 -0.000653715 -0.00569857 
1.305 0.974683 -0.00680987 0.0969745 0.201353 18.7569 12.9718 4.18185 0.0109199 0.143631 0.551349 -4.78217 0.452136 17.6768 -1.87831 5.7625 -1.80644 6.66291e-05 0.000114979 4.79625e-05 0.00441491 -0.000461673 -0.00562618 
1.31 0.974511 -0.00714789 0.0970471 0.202138 18.7475 13.0006 4.17292 -0.338039 0.245623 0.497101 -5.10394 0.101973 17.641 -1.88509 5.75856 -1.76585 6.03688e-05 0.000116323 5.53342e-05 0.00436933 -0.000414078 -0.00559006 
1.315 0.974338 -0.00748583 0.0971168 0.202922 18.7381 13.0294 4.16419 -0.387941 0.21318 0.209419 -5.02094 0.741471 17.4252 -1.89187 5.7546 -1.72481 3.10169e-05 0.000112495 5.80719e-05 0.00434008 -0.000320605 -0.00558262 
1.32 0.974165 -0.0078237 0.0971836 0.203707 18.7286 13.0581 4.15567 -0.110475 0.084293 0.380779 -4.84436 0.202083 17.5547 -1.89865 5.75063 -1.68336 1.28033e-05 0.000127937 5.23737e-05 0.00433188 -0.000154832 -0.00550743 
1.325 0.973992 -0.00816147 0.0972475 0.204492 18.7191 13.0869 4.14736 -0.0687175 0.184268 0.0969906 -5.121 0.457042 16.9554 -1.90542 5.74665 -1.64149 2.50177e-05 0.000112554 4.86913e-05 0.00428465 -0.000192895 -0.0055488 
1.33 0.973817 -0.00849913 0.0973085 0.205276 18.7096 13.1156 4.13926 -0.177084 -0.190004 -0.0742857 -5.11474 0.0322763 17.745 -1.91219 5.74265 -1.59921 2.86651e-05 0.000110478 3.33428e-05 0.00435605 -8.14977e-05 -0.00546115 
1.335 0.973643 -0.00883667 0.0973666 0.206061 18.7 13.1443 4.13137 -0.599945 0.032614 -0.0831699 -5.3132 0.276802 17.8085 -1.91895 5.73864 -1.55654 2.73865e-05 0.000118574 2.78959e-05 0.00428116 -0.000314935 -0.00547872 
1.34 0.973468 -0.00917407 0.0974218 0.206846 18.6904 13.173 4.12369 0.0401245 0.117611 0.297749 -5.08844 0.390439 17.8314 -1.92571 5.73461 -1.51348 6.12149e-05 0.00012066 2.96123e-05 0.00408995 -0.000354248 -0.00552085 
1.345 0.973292 -0.00951133 0.097474 0.20763 18.6807 13.2016 4.11624 -0.34496 0.189594 0.530309 -5.20411 0.296493 18.0311 -1.93247 5.73057 -1.47005 6.345e-05 0.000113447 1.21668e-05 0.0042138 -0.000152031 -0.00577929 
1.35 0.973116 -0.00984844 0.0975234 0.208415 18.6711 13.2303 4.10899 -0.372341 0.109874 0.417778 -4.7712 0.39069 17.6545 -1.93921 5.72652 -1.42626 7.48274e-05 0.00010384 1.85395e-07 0.00433218 -0.000546957 -0.00578886 
1.355 0.97294 -0.0101854 0.0975699 0.2092 18.6613 13.2589 4.10197 -0.198541 0.0741168 0.155017 -4.97595 -0.0430903 18.0613 -1.94596 5.72245 -1.38212 7.53272e-05 9.82782e-05 9.03444e-06 0.00463504 -0.000246149 -0.0055959 
1.36 0.972763 -0.0105221 0.0976135 0.209984 18.6516 13.2875 4.09517 -0.0604111 0.237699 0.501238 -5.10701 0.211547 17.5711 -1.9527 5.71837 -1.33763 8.76722e-05 0.000125614 1.13283e-05 0.00465782 -8.38755e-05 -0.00570689 
1.365 0.972585 -0.0108587 0.0976542 0.210769 18.6418 13.3161 4.0886 0.172622 0.0934875 0.309158 -5.17692 -0.581066 18.2835 -1.95943 5.71427 -1.29282 8.5735e-05 0.000124282 5.77149e-06 0.00488261 -0.000239389 -0.00580543 
1.37 0.972407 -0.011195 0.0976919 0.211554 18.632 13.3446 4.08225 -0.268726 0.169766 0.153366 -4.84877 0.399952 17.9831 -1.96616 5.71016 -1.24769 5.6103e-05 0.000127211 -6.06199e-06 0.00488446 -0.000298447 -0.00568144 
1.375 0.972229 -0.0115311 0.0977268 0.212338 18.6221 13.3732 4.07612 -0.122639 0.413545 0.152824 -5.24985 0.131837 18.2991 -1.97289 5.70603 -1.20224 5.16843e-05 0.000140419 -1.30925e-05 0.00493465 -0.000136614 -0.00550727 
1.38 0.97205 -0.011867 0.0977588 0.213123 18.6123 13.4017 4.07022 0.0215046 -0.00747257 0.343426 -5.22124 0.302992 18.2596 -1.97961 5.70189 -1.15651 6.68687e-05 0.000130314 -1.21595e-05 0.00489822 -6.26423e-05 -0.00557791 
1.385 0.97187 -0.0122026 0.0977878 0.213907 18.6024 13.4302 4.06456 -0.147478 0.104947 -0.0708411 -4.89076 0.335849 18.3027 -1.98632 5.69774 -1.11048 5.70613e-05 0.000123391 -2.6956e-05 0.00507169 -5.69804e-05 -0.00539552 
1.39 0.971691 -0.012538 0.0978139 0.214692 18.5924 13.4587 4.05912 0.129605 -0.026466 0.494691 -5.46375 0.175879 18.1227 -1.99303 5.69357 -1.06419 5.35976e-05 0.000128409 -4.67793e-05 0.00523888 3.5351e-05 -0.0054027 
1.395 0.97151 -0.0128731 0.0978372 0.215476 18.5824 13.4871 4.05392 -0.117009 -0.328537 0.754495 -5.66981 0.184694 18.294 -1.99974 5.68939 -1.01763 3.67794e-05 0.000119687 -6.14542e-05 0.00511214 -6.78192e-05 -0.00496589 
1.4 0.971329 -0.0132079 0.0978575 0.216261 18.5724 13.5156 4.04894 -0.0271687 -0.293262 0.243174 -5.59179 0.378481 18.5158 -2.00644 5.6852 -0.970815 3.18212e-05 0.000104677 -4.84291e-05 0.00517421 -0.000106899 -0.00479677 
1.405 0.971148 -0.0135425 0.0978749 0.217045 18.5624 13.544 4.04421 -0.299501 0.165526 0.47025 -5.17503 -0.206739 18.6075 -2.01313 5.68099 -0.923765 3.9481e-05 0.000124857 -4.49163e-05 0.00519887 -6.67159e-06 -0.00484257 
1.41 0.970966 -0.0138767 0.0978894 0.21783 18.5523 13.5724 4.03971 0.0637811 -0.164654 0.0564748 -5.33766 0.153553 18.1214 -2.01982 5.67676 -0.876487 6.0644e-06 0.00012149 -6.58237e-05 0.00516397 0.000140244 -0.00514497 
1.415 0.970784 -0.0142106 0.097901 0.218614 18.5422 13.6008 4.03544 -0.286974 0.200796 -0.189201 -5.34674 0.326497 18.8968 -2.02651 5.67253 -0.828992 8.54173e-06 0.000140281 -6.81754e-05 0.00530097 0.000309952 -0.00530106 
1.42 0.970601 -0.0145441 0.0979097 0.219398 18.532 13.6291 4.03142 0.240017 -0.071879 0.276101 -5.20799 -0.0282288 19.1104 -2.03319 5.66828 -0.781293 3.52182e-05 0.000166879 -8.70048e-05 0.00540513 0.000320686 -0.00529684 
1.425 0.970418 -0.0148773 0.0979154 0.220183 18.5218 13.6574 4.02763 -0.179068 0.107196 -0.0959394 -4.87807 0.276403 18.8419 -2.03986 5.66401 -0.733401 3.05461e-05 0.000162954 -9.96694e-05 0.00553747 0.000110996 -0.00518978 
1.43 0.970234 -0.0152102 0.0979183 0.220967 18.5116 13.6858 4.02408 -0.0285298 -0.144067 0.514142 -5.2253 0.188308 19.084 -2.04653 5.65973 -0.685328 2.58342e-05 0.000159921 -0.000107747 0.00527544 0.000122693 -0.00522193 
1.435 0.97005 -0.0155426 0.0979183 0.221751 18.5014 13.714 4.02078 -0.312924 0.0428381 0.101306 -5.12001 0.284819 19.1899 -2.0532 5.65544 -0.637086 3.01038e-05 0.000164149 -0.000107387 0.0050693 0.000201499 -0.00530259 
1.44 0.969865 -0.0158747 0.0979153 0.222535 18.4911 13.7423 4.01771 -0.247719 -0.0200092 0.404773 -5.14253 -0.127657 18.6519 -2.05986 5.65113 -0.588686 5.29156e-05 0.000159128 -0.000115679 0.00509689 0.000207683 -0.00517588 
1.445 0.96968 -0.0162064 0.0979095 0.22332 18.4808 13.7706 4.01489 -0.45279 0.0882494 -0.326054 -5.54672 0.156901 18.9499 -2.06651 5.64681 -0.540142 6.43387e-05 0.000153533 -8.90136e-05 0.00510792 -7.23629e-07 -0.0050744 
1.45 0.969494 -0.0165377 0.0979007 0.224104 18.4704 13.7988 4.01231 -0.270942 -0.177835 0.352274 -5.57103 0.158038 19.2476 -2.07316 5.64247 -0.491464 5.8975e-05 0.000158994 -8.08809e-05 0.00515286 -9.01216e-05 -0.00520531 
1.455 0.969308 -0.0168686 0.0978891 0.224888 18.46 13.827 4.00998 -0.209059 0.0389391 0.645639 -5.27582 -0.160833 19.0841 -2.07981 5.63813 -0.442665 3.97087e-05 0.00015999 -6.80533e-05 0.00500809 4.06704e-05 -0.00504785 
1.46 0.969122 -0.017199 0.0978745 0.225672 18.4496 13.8552 4.00789 -0.196618 0.0631644 0.267087 -5.35616 -0.0654011 18.8259 -2.08645 5.63376 -0.393757 5.26697e-05 0.00014877 -6.62515e-05 0.00512963 -0.000181638 -0.00492035 
1.465 0.968935 -0.017529 0.097857 0.226455 18.4392 13.8833 4.00604 -0.253473 -0.147671 0.878129 -5.30926 0.532667 19.2501 -2.09308 5.62939 -0.344751 5.29916e-05 0.000133209 -6.9569e-05 0.00495271 -0.000183832 -0.0049185 
1.47 0.968747 -0.0178585 0.0978367 0.227239 18.4287 13.9115 4.00444 -0.107648 0.0626024 0.307407 -5.0006 -0.150522 19.396 -2.09971 5.625 -0.295661 4.57926e-05 9.83125e-05 -7.41678e-05 0.00508189 0.000242161 -0.00513325 
1.475 0.968559 -0.0181875 0.0978134 0.228023 18.4182 13.9396 4.00308 -0.393325 -0.0361364 0.639207 -5.5282 -0.282442 19.1071 -2.10634 5.62059 -0.246498 2.50131e-05 8.95194e-05 -7.16206e-05 0.00502297 6.16148e-05 -0.00495463 
1.48 0.968371 -0.0185161 0.0977872 0.228807 18.4076 13.9677 4.00197 -0.424001 0.27685 0.363625 -5.0488 0.276356 18.8515 -2.11295 5.61617 -0.197273 5.97084e-05 0.000102187 -4.96533e-05 0.00499581 6.38743e-05 -0.00495172 
1.485 0.968182 -0.0188441 0.0977582 0.22959 18.397 13.9957 4.00111 -0.105216 0.169102 0.418595 -5.4254 0.353774 19.0712 -2.11957 5.61174 -0.148 5.33151e-05 0.000103037 -4.22463e-05 0.00512394 3.25532e-05 -0.00454673 
1.49 0.967993 -0.0191717 0.0977262 0.230374 18.3864 14.0238 4.00049 -0.115792 -0.150977 0.403201 -5.64571 0.101198 18.7828 -2.12618 5.60729 -0.0986911 6.99046e-05 0.000113062 -4.35766e-05 0.00520805 0.000138115 -0.00437895 
1.495 0.967803 -0.0194987 0.0976914 0.231157 18.3758 14.0518 4.00012 -0.0860282 0.431445 0.710189 -5.3503 -0.168613 19.1732 -2.13278 5.60283 -0.0493573 6.51392e-05 0.000124399 -3.29962e-05 0.00519351 0.000191214 -0.00408298 
1.5 0.967613 -0.0198252 0.0976536 0.231941 18.3651 14.0798 4 0.201083 0.234874 0.215138 -5.59565 -0.518776 19.2992 -2.13938 5.59836 -1.13535e-05 2.98804e-05 0.000136511 -2.90228e-05 0.00521714 0.00022047 -0.00407283 
1.505 0.967422 -0.0201512 0.097613 0.232724 18.3544 14.1078 4.00012 -0.420274 -0.136216 0.379813 -5.31641 -0.0913154 18.7258 -2.14597 5.59387 0.0493346 5.41877e-05 0.000153748 -2.14226e-05 0.00510368 0.000374915 -0.00390964 
1.51 0.967231 -0.0204765 0.0975694 0.233507 18.3436 14.1357 4.00049 -0.139921 -0.0275343 0.404223 -5.42114 0.208791 19.1172 -2.15256 5.58937 0.0986684 2.95724e-05 0.000140014 -1.06147e-05 0.00515846 0.000210426 -0.00370736 
1.515 0.967039 -0.0208014 0.097523 0.234291 18.3329 14.1637 4.00111 0.112391 -0.180788 0.701183 -5.84371 -0.288417 19.0209 -2.15914 5.58486 0.147978 1.63635e-05 0.000146254 1.46114e-06 0.00505718 0.000202223 -0.00383272 
1.52 0.966847 -0.0211256 0.0974737 0.235074 18.322 14.1916 4.00197 0.173487 0.0325865 0.395686 -5.85782 0.0859995 19.0227 -2.16572 5.58033 0.197251 -1.00842e-05 0.000135983 -2.11549e-05 0.00521114 -1.09605e-05 -0.00356129 
1.525 0.966654 -0.0214492 0.0974215 0.235857 18.3112 14.2195 4.00308 0.253907 -0.00389992 -0.0772244 -5.29255 0.267463 18.7347 -2.17229 5.57578 0.246475 -2.5891e-05 0.000127465 -1.96923e-05 0.00541129 0.000127442 -0.00365653 
1.53 0.966461 -0.0217722 0.0973665 0.23664 18.3003 14.2473 4.00444 -0.0441248 -0.193277 0.412092 -5.69417 -0.00104146 18.8735 -2.17886 5.57123 0.295638 -3.66703e-05 0.00013021 -3.33271e-05 0.00529552 0.000223746 -0.00358329 
1.535 0.966268 -0.0220947 0.0973085 0.237422 18.2894 14.2752 4.00604 -0.54655 -0.214994 -0.0612001 -5.80326 0.0419741 18.5491 -2.18542 5.56666 0.344729 -3.94998e-05 0.000138702 -1.15438e-05 0.00525675 0.00018432 -0.00351722 
1.54 0.966074 -0.0224164 0.0972477 0.238205 18.2785 14.303 4.00788 -0.175736 0.0412996 -0.101326 -5.73703 -0.331969 18.4232 -2.19197 5.56207 0.393734 -2.11617e-05 0.000139228 -1.2017e-05 0.00541807 -3.75634e-05 -0.00366763 
1.545 0.965879 -0.0227376 0.097184 0.238988 18.2675 14.3308 4.00998 0.174012 -0.0192671 0.0810051 -5.61985 -0.43274 18.9911 -2.19852 5.55748 0.442643 -1.8155e-05 0.000141126 4.39483e-08 0.00544191 6.16902e-05 -0.00372221 
1.55 0.965685 -0.023058 0.0971175 0.23977 18.2565 14.3586 4.01231 0.0264114 0.19479 0.254497 -5.42003 -0.320046 18.8443 -2.20507 5.55286 0.491442 -4.71408e-05 0.000126934 -7.81662e-07 0.00532741 4.53832e-05 -0.00358795 
1.555 0.965489 -0.0233778 0.097048 0.240553 18.2454 14.3863 4.01489 0.102034 -0.166252 0.544437 -5.36034 -0.258419 18.56 -2.2116 5.54824 0.54012 -5.01686e-05 0.000131403 -6.83286e-06 0.00507349 6.02645e-06 -0.00357508 
1.56 0.965294 -0.023697 0.0969757 0.241335 18.2344 14.4141 4.01771 -0.024567 -0.0197935 0.00363562 -6.01525 -0.278782 18.5354 -2.21814 5.5436 0.588664 -4.38478e-05 0.000130825 4.15068e-06 0.0050657 -2.96034e-05 -0.00347121 
1.565 0.965097 -0.0240154 0.0969006 0.242117 18.2233 14.4418 4.02078 -0.241763 0.200573 0.215785 -4.9207 0.0521662 18.3101 -2.22467 5.53895 0.637063 -3.46385e-05 0.000116552 5.0175e-06 0.00523888 0.000128766 -0.00345629 
1.57 0.964901 -0.0243331 0.0968226 0.242899 18.2121 14.4695 4.02408 -0.314916 0.0252801 0.182173 -5.53003 -0.346236 18.849 -2.23119 5.53428 0.685306 -3.61362e-05 0.000101377 -7.68788e-07 0.00521672 1.30791e-05 -0.00335214 
1.575 0.964704 -0.0246501 0.0967417 0.243681 18.201 14.4971 4.02763 -0.0710611 0.0688125 0.157801 -5.19388 -0.0854127 19.4463 -2.23771 5.5296 0.733379 -4.80103e-05 9.97032e-05 -9.34004e-06 0.0049903 0.000166939 -0.0035734 
1.58 0.964506 -0.0249664 0.0966579 0.244463 18.1897 14.5248 4.03142 -0.204866 0.234632 0.422331 -5.70682 -0.600598 19.0884 -2.24422 5.52491 0.781271 -5.19742e-05 9.8435e-05 -8.18259e-06 0.0048951 -8.84337e-05 -0.00345574 
1.585 0.964308 -0.0252819 0.0965714 0.245245 18.1785 14.5524 4.03544 -0.525352 -0.0710315 0.557587 -5.58238 -0.730884 18.7658 -2.25072 5.5202 0.82897 -7.2386e-05 0.000101492 -1.69472e-05 0.00476366 -5.34377e-05 -0.00356107 
1.59 0.964109 -0.0255967 0.0964819 0.246026 18.1672 14.58 4.03971 -0.436396 0.210957 0.663006 -5.11431 -0.361613 18.8557 -2.25722 5.51548 0.876465 -6.81177e-05 9.92968e-05 2.8974e-06 0.00471943 0.000149266 -0.00362017 
1.595 0.963911 -0.0259107 0.0963896 0.246808 18.1559 14.6075 4.04421 -0.0834264 0.229838 -0.00830871 -5.34889 -0.0604551 18.1843 -2.26372 5.51075 0.923743 -9.50612e-05 7.16792e-05 8.1328e-06 0.00473147 0.000156028 -0.00371119 
1.6 0.963711 -0.026224 0.0962945 0.247589 18.1446 14.6351 4.04894 0.0635504 -0.14052 0.22789 -4.95095 -0.388726 18.4261 -2.27021 5.506 0.970794 -0.000116169 7.28521e-05 -9.63393e-06 0.00487753 0.000351217 -0.00368335 
1.605 0.963511 -0.0265364 0.0961966 0.24837 18.1332 14.6626 4.05391 -0.203027 -0.145612 0.388283 -5.48591 0.166058 18.3625 -2.27669 5.50124 1.0176 -0.00010948 6.1521e-05 2.84312e-07 0.00495952 0.000187886 -0.0036717 
1.61 0.963311 -0.026848 0.0960958 0.249152 18.1218 14.6901 4.05912 -0.432797 0.222063 0.340653 -5.61451 -0.628735 18.5194 -2.28317 5.49646 1.06416 -0.000119189 6.30743e-05 -2.09181e-05 0.00483591 0.000286111 -0.00354508 
1.615 0.96311 -0.0271589 0.0959922 0.249933 18.1104 14.7175 4.06455 -0.434894 0.00978108 0.499337 -5.66445 -0.0641829 18.3201 -2.28964 5.49167 1.11046 -0.000111623 5.67237e-05 -2.26064e-05 0.0046875 0.000383664 -0.00365219 
1.62 0.962909 -0.0274689 0.0958857 0.250713 18.0989 14.745 4.07022 -0.258096 -0.319365 0.426664 -5.19197 -0.603242 18.059 -2.29611 5.48687 1.15649 -9.1829e-05 5.95478e-05 -1.46746e-05 0.0044282 0.000330752 -0.00363689 
1.625 0.962708 -0.0277781 0.0957764 0.251494 18.0874 14.7724 4.07612 -0.175639 -0.237736 0.107796 -5.08907 0.0730847 18.6734 -2.30257 5.48206 1.20222 -9.12415e-05 4.56856e-05 -2.85988e-05 0.00441877 0.000288987 -0.00368939 
1.63 0.962506 -0.0280864 0.0956644 0.252275 18.0759 14.7998 4.08224 -0.145903 0.154528 0.300055 -5.45973 -0.475903 18.3736 -2.30903 5.47723 1.24767 -0.000122958 3.76357e-05 -2.97464e-05 0.00442242 0.000217373 -0.00374339 
1.635 0.962303 -0.0283938 0.0955495 0.253055 18.0644 14.8272 4.0886 -0.203707 -0.265476 0.737165 -4.90261 -0.719709 18.3215 -2.31548 5.47238 1.2928 -0.00012141 7.08355e-05 -3.82311e-05 0.00429119 0.000348008 -0.00378318 
1.64 0.9621 -0.0287004 0.0954317 0.253835 18.0528 14.8545 4.09517 -0.538147 0.112487 0.833453 -5.59019 -0.465334 18.2438 -2.32192 5.46753 1.33761 -0.000124853 9.23632e-05 -3.09323e-05 0.00451191 0.000240975 -0.00351558 
1.645 0.961897 -0.0290061 0.0953112 0.254615 18.0411 14.8819 4.10197 -0.279943 0.155085 0.466617 -5.45162 0.253925 18.1524 -2.32836 5.46266 1.3821 -9.87531e-05 0.000101659 -3.69805e-05 0.00440445 0.000222302 -0.00369242 
1.65 0.961693 -0.0293109 0.0951879 0.255395 18.0295 14.9092 4.10899 -0.280998 -0.18477 -0.111591 -5.05396 -0.30871 17.7486 -2.33479 5.45777 1.42624 -9.38964e-05 7.71532e-05 -3.71828e-05 0.00429322 0.00023774 -0.00358561 
1.655 0.961489 -0.0296148 0.0950618 0.256175 18.0178 14.9364 4.11623 0.6393 -0.058805 0.369581 -5.28512 -0.381811 18.1524 -2.34122 5.45288 1.47003 -9.2705e-05 7.68779e-05 -2.89729e-05 0.004105 0.000316127 -0.00392678 
1.66 0.961284 -0.0299178 0.0949329 0.256955 18.0061 14.9637 4.12369 -0.161155 -0.100766 0.478356 -5.72884 -0.679592 17.8146 -2.34764 5.44797 1.51346 -0.000117195 7.04502e-05 -2.21787e-05 0.00394902 0.000207593 -0.00380577 
1.665 0.961079 -0.0302199 0.0948012 0.257734 17.9943 14.9909 4.13137 -0.234336 -0.255973 0.321356 -5.17355 -0.643236 17.4035 -2.35406 5.44304 1.55652 -0.00012929 6.28015e-05 -3.5584e-05 0.00396324 0.000263667 -0.0041329 
1.67 0.960873 -0.030521 0.0946667 0.258514 17.9825 15.0181 4.13926 -0.174977 -0.290352 -0.126959 -5.54198 -0.597454 17.2668 -2.36047 5.43811 1.59919 -0.000123528 3.92673e-05 -7.32007e-06 0.00399478 0.000240337 -0.00420279 
1.675 0.960667 -0.0308211 0.0945294 0.259293 17.9707 15.0453 4.14736 -0.139655 -0.135377 0.3057 -4.89046 -0.703026 17.845 -2.36687 5.43316 1.64147 -0.000123333 5.60948e-05 3.27764e-05 0.00399287 0.000199676 -0.0041865 
1.68 0.960461 -0.0311203 0.0943894 0.260072 17.9589 15.0725 4.15567 -0.44069 0.036182 0.310906 -5.53695 -0.368903 17.7774 -2.37327 5.42819 1.68334 -0.000118115 7.04245e-05 2.65322e-05 0.00397205 0.000151877 -0.0041844 
1.685 0.960254 -0.0314185 0.0942466 0.260851 17.947 15.0996 4.16419 0.124404 -0.125323 0.430637 -4.18813 -0.579768 17.386 -2.37966 5.42322 1.7248 -0.000114705 6.47696e-05 2.99665e-05 0.00424242 0.000330141 -0.00429611 
1.69 0.960046 -0.0317158 0.094101 0.261629 17.9351 15.1267 4.17292 0.0207439 -0.233776 0.281338 -5.16105 -0.247451 17.5705 -2.38604 5.41822 1.76583 -0.000110469 6.47088e-05 4.32671e-05 0.0041538 0.000379398 -0.00424842 
1.695 0.959839 -0.032012 0.0939527 0.262408 17.9231 15.1538 4.18185 -0.482719 0.115849 -0.149781 -5.06846 -0.47628 17.2344 -2.39243 5.41322 1.80642 -0.000114154 7.41681e-05 6.15784e-05 0.00412802 0.000278655 -0.00416458 
1.7 0.95963 -0.0323072 0.0938016 0.263186 17.9111 15.1808 4.19098 0.00292181 -0.230352 -0.171368 -5.2083 -0.835269 17.9003 -2.3988 5.4082 1.84657 -0.000108684 5.67919e-05 5.68568e-05 0.00423532 0.000599861 -0.0042508 
1.705 0.959422 -0.0326014 0.0936477 0.263964 17.8991 15.2078 4.20031 -0.102766 -0.103304 0.577324 -5.51512 -0.542361 17.1915 -2.40517 5.40317 1.88627 -9.3342e-05 3.79623e-05 6.97376e-05 0.0043926 0.000807575 -0.0046065 
1.71 0.959213 -0.0328945 0.0934911 0.264742 17.8871 15.2349 4.20984 0.126546 -0.0702448 0.257977 -5.08373 -0.600829 17.4277 -2.41153 5.39813 1.92549 -8.16968e-05 6.69016e-06 5.38031e-05 0.00445339 0.000813243 -0.00453091 
1.715 0.959003 -0.0331867 0.0933318 0.26552 17.875 15.2618 4.21957 0.31422 -0.476402 -0.0393385 -5.22216 -0.393857 16.8962 -2.41789 5.39307 1.96425 -6.78293e-05 1.71729e-05 5.39134e-05 0.00442162 0.000879287 -0.00468042 
1.72 0.958793 -0.0334777 0.0931698 0.266298 17.8629 15.2888 4.22948 -0.260029 -0.00871685 0.494019 -5.25332 -0.708328 16.6537 -2.42424 5.388 2.00252 -5.96406e-05 1.63011e-05 6.5912e-05 0.00447761 0.00072637 -0.00430338 
1.725 0.958583 -0.0337677 0.093005 0.267075 17.8508 15.3157 4.23959 0.134877 0.0425333 0.441657 -4.90919 -0.788073 16.7904 -2.43058 5.38292 2.04029 -8.27676e-05 2.49859e-05 8.99362e-05 0.00405873 0.000571866 -0.00426527 
1.73 0.958372 -0.0340566 0.0928375 0.267852 17.8386 15.3426 4.24989 -0.205657 0.204372 0.209063 -4.68221 0.100023 16.6085 -2.43692 5.37782 2.07756 -0.000116363 3.95839e-05 8.189e-05 0.00417279 0.000773413 -0.00414353 
1.735 0.958161 -0.0343444 0.0926673 0.268629 17.8264 15.3695 4.26037 -0.103487 -0.205626 0.050778 -4.93748 -0.464513 16.6971 -2.44325 5.37271 2.11432 -0.000131576 4.57611e-05 8.16137e-05 0.00435729 0.000887432 -0.00401913 
1.74 0.957949 -0.0346311 0.0924943 0.269406 17.8142 15.3963 4.27103 0.263498 -0.0902801 0.345574 -4.26551 -0.456822 16.1467 -2.44958 5.36758 2.15056 -0.000135466 4.82023e-05 7.92398e-05 0.00451035 0.000915999 -0.00409825 
1.745 0.957737 -0.0349167 0.0923187 0.270183 17.8019 15.4232 4.28187 -0.461799 -0.170866 0.479606 -5.60731 -0.294301 16.0834 -2.4559 5.36245 2.18626 -0.000133662 3.73174e-05 6.92518e-05 0.00454512 0.000978122 -0.00426657 
1.75 0.957524 -0.0352012 0.0921404 0.270959 17.7896 15.45 4.29289 0.0479431 0.00922619 0.364044 -4.69422 -0.477115 16.1017 -2.46221 5.3573 2.22143 -0.000137926 4.30349e-05 8.69067e-05 0.00445265 0.001043 -0.00428849 
1.755 0.957311 -0.0354846 0.0919593 0.271735 17.7773 15.4767 4.30408 -0.408076 0.218548 0.591364 -5.09422 -0.708664 16.1194 -2.46852 5.35213 2.25605 -0.000151316 5.82917e-05 8.45143e-05 0.004575 0.00106354 -0.0044046 
1.76 0.957097 -0.0357668 0.0917756 0.272511 17.7649 15.5035 4.31545 0.174864 0.114564 0.241198 -5.06066 -0.303328 15.8048 -2.47483 5.34696 2.29011 -0.00012709 4.23063e-05 9.74224e-05 0.0044895 0.00103065 -0.00428813 
1.765 0.956884 -0.0360478 0.0915892 0.273287 17.7525 15.5302 4.32698 -0.250554 0.3408 0.178849 -4.46476 -0.989538 15.5822 -2.48112 5.34177 2.32361 -0.000118831 4.28773e-05 4.96634e-05 0.00453672 0.00111651 -0.00438542 
1.77 0.956669 -0.0363277 0.0914002 0.274063 17.7401 15.5569 4.33868 0.146936 -0.102866 0.0808618 -4.65253 -0.505112 15.7115 -2.48741 5.33656 2.35653 -0.000112221 4.60976e-05 1.60248e-05 0.00468618 0.00121093 -0.00413876 
1.775 0.956454 -0.0366064 0.0912084 0.274838 17.7277 15.5836 4.35055 -0.244811 0.193321 0.54946 -4.84899 -0.158968 16.1298 -2.4937 5.33135 2.38888 -0.000108312 7.95471e-05 1.54764e-05 0.00434791 0.00109685 -0.00394361 
1.78 0.956239 -0.0368839 0.091014 0.275613 17.7152 15.6102 4.36257 -0.176821 0.467954 0.369766 -4.80857 -0.335328 15.3952 -2.49997 5.32612 2.42063 -0.000120375 8.20683e-05 2.37072e-05 0.00418843 0.00106087 -0.00414968 
1.785 0.956023 -0.0371602 0.090817 0.276388 17.7027 15.6368 4.37475 -0.520138 -0.298171 0.158971 -4.96564 -0.283849 15.2243 -2.50624 5.32088 2.45179 -0.000126338 8.3264e-05 2.535e-05 0.00424253 0.00116662 -0.00436524 
1.79 0.955807 -0.0374353 0.0906173 0.277163 17.6901 15.6634 4.38709 -0.138977 0.252836 0.0535766 -4.31897 -0.144946 15.1194 -2.51251 5.31562 2.48234 -0.000101083 7.72583e-05 4.92688e-05 0.00430496 0.00125481 -0.00456713 
1.795 0.955591 -0.0377092 0.090415 0.277937 17.6775 15.69 4.39958 -0.24471 -0.0669646 0.256815 -4.44405 -0.990333 15.2028 -2.51877 5.31035 2.51228 -0.000103488 5.82335e-05 6.55765e-05 0.00441224 0.00118283 -0.00461749 
1.8 0.955374 -0.0379818 0.09021 0.278712 17.6649 15.7165 4.41221 -0.185465 -0.0880294 0.495297 -4.20061 -0.751083 15.1372 -2.52502 5.30507 2.54159 -0.000113292 7.97901e-05 5.77276e-05 0.00442286 0.00130871 -0.00465836 
1.805 0.955157 -0.0382532 0.0900024 0.279486 17.6523 15.743 4.42499 0.294396 -0.327698 0.325454 -4.68471 -0.29556 14.4427 -2.53127 5.29978 2.57029 -0.00011099 9.15681e-05 4.32532e-05 0.00432281 0.0012972 -0.0045226 
1.81 0.954939 -0.0385234 0.0897922 0.28026 17.6396 15.7695 4.43791 -0.0946842 0.149607 0.14163 -4.26857 -0.8959 14.3289 -2.53751 5.29447 2.59834 -9.65888e-05 9.7766e-05 2.25972e-05 0.004383 0.00140724 -0.00445831 
1.815 0.95472 -0.0387923 0.0895793 0.281033 17.6269 15.796 4.45097 -0.0134672 -0.443165 0.431352 -5.15499 -0.758465 14.5187 -2.54374 5.28915 2.62576 -0.00010998 9.38909e-05 2.85002e-05 0.00453112 0.00131766 -0.00441218 
1.82 0.954502 -0.0390599 0.0893639 0.281807 17.6142 15.8224 4.46417 -0.520201 -0.0186403 0.39024 -4.40331 -0.579401 14.0906 -2.54997 5.28381 2.65253 -0.000116437 9.62212e-05 3.21145e-05 0.00462735 0.0013841 -0.00418849 
1.825 0.954283 -0.0393262 0.0891458 0.28258 17.6014 15.8488 4.4775 -0.15863 -0.0757042 0.414776 -5.13052 -0.565536 14.2515 -2.55619 5.27847 2.67864 -0.000134209 7.9116e-05 2.90458e-05 0.00480319 0.00144521 -0.00427474 
1.83 0.954063 -0.0395913 0.0889252 0.283352 17.5886 15.8752 4.49095 0.0312555 -0.00154054 0.103142 -4.20918 -0.356943 13.8915 -2.56241 5.2731 2.70409 -0.000157654 7.77904e-05 3.94939e-05 0.0047058 0.00152147 -0.00420839 
1.835 0.953843 -0.039855 0.088702 0.284125 17.5758 15.9016 4.50454 -0.250193 -0.206196 0.392325 -4.26424 -0.515882 14.0672 -2.56862 5.26773 2.72888 -0.0001527 6.7069e-05 6.5975e-05 0.00468148 0.00188911 -0.00403781 
1.84 0.953623 -0.0401174 0.0884762 0.284898 17.5629 15.9279 4.51824 -0.134705 -0.0125179 0.43784 -4.6142 -0.857504 14.3965 -2.57482 5.26235 2.75299 -0.000165597 3.77202e-05 8.03566e-05 0.00461539 0.00191677 -0.00401442 
1.845 0.953402 -0.0403785 0.0882478 0.28567 17.55 15.9542 4.53207 -0.115478 -0.440955 0.238464 -4.8598 -0.446338 14.0421 -2.58102 5.25695 2.77642 -0.000149609 4.53287e-05 6.70177e-05 0.00434943 0.0020133 -0.00422609 
1.85 0.95318 -0.0406382 0.0880169 0.286442 17.5371 15.9804 4.54601 -0.341864 -0.408531 0.291332 -4.34291 -0.383221 13.2102 -2.58721 5.25153 2.79917 -0.00015545 4.73704e-05 6.20689e-05 0.00428431 0.00214207 -0.00436802 
1.855 0.952959 -0.0408966 0.0877834 0.287213 17.5242 16.0067 4.56006 -0.180735 -0.0350103 0.455682 -4.93779 -0.7261 13.4109 -2.59339 5.24611 2.82123 -0.000146181 5.68559e-05 8.86546e-05 0.00437727 0.00229293 -0.00428544 
1.86 0.952736 -0.0411537 0.0875474 0.287985 17.5112 16.0329 4.57422 -0.0168378 0.0651343 0.538269 -3.80077 -0.368404 13.2388 -2.59957 5.24067 2.84259 -0.000139656 6.05269e-05 8.12422e-05 0.00435312 0.00251894 -0.0043476 
1.865 0.952514 -0.0414093 0.0873089 0.288756 17.4982 16.0591 4.58848 -0.14698 -0.117978 0.380097 -4.19468 0.035971 13.3312 -2.60574 5.23522 2.86325 -0.00013902 6.79923e-05 8.8167e-05 0.0043825 0.00253557 -0.00414823 
1.87 0.952291 -0.0416636 0.0870678 0.289526 17.4851 16.0853 4.60285 0.21937 -0.0751002 0.122003 -3.97542 -0.992643 13.2586 -2.6119 5.22976 2.88321 -0.000121162 6.64321e-05 8.87926e-05 0.00447991 0.00242105 -0.00412453 
1.875 0.952067 -0.0419165 0.0868242 0.290297 17.472 16.1114 4.61731 -0.246196 -0.313176 0.432041 -4.27893 -0.390352 12.9417 -2.61806 5.22428 2.90245 -0.000111455 5.94882e-05 8.98871e-05 0.00451496 0.00225018 -0.00416449 
1.88 0.951843 -0.0421681 0.086578 0.291067 17.4589 16.1375 4.63187 -0.0337638 0.327521 0.41528 -4.08031 -1.07098 12.6368 -2.62421 5.21879 2.92097 -0.000116588 4.16911e-05 8.20786e-05 0.00446278 0.00245749 -0.00421693 
1.885 0.951619 -0.0424182 0.0863294 0.291837 17.4458 16.1636 4.64652 -0.0032071 -0.210823 0.0539747 -3.84237 -0.492705 12.7628 -2.63036 5.21329 2.93878 -0.000131258 3.01298e-05 7.42069e-05 0.00448475 0.00230926 -0.00438655 
1.89 0.951394 -0.0426668 0.0860782 0.292607 17.4326 16.1896 4.66126 -0.0865019 -0.31904 0.37222 -3.90373 -0.735801 12.6065 -2.6365 5.20777 2.95586 -0.000129569 1.87821e-05 6.60115e-05 0.00425084 0.00238489 -0.00472148 
1.895 0.951169 -0.0429141 0.0858246 0.293377 17.4194 16.2157 4.67608 -0.218843 -0.0828078 0.177029 -3.94359 0.110607 12.3133 -2.64263 5.20224 2.97221 -0.000109398 3.01203e-05 4.8605e-05 0.00418947 0.00222323 -0.00475304 
1.9 0.950943 -0.0431599 0.0855685 0.294146 17.4062 16.2417 4.69098 -0.209229 -0.463166 0.567803 -4.2921 -0.913625 12.6158 -2.64875 5.1967 2.98783 -0.000104289 1.28186e-05 3.8442e-05 0.00384854 0.00235668 -0.00461387 
1.905 0.950717 -0.0434043 0.0853099 0.294915 17.393 16.2676 4.70596 -0.460042 -0.16435 0.125287 -4.59062 -0.847673 12.257 -2.65487 5.19115 3.00271 -8.0148e-05 -7.32628e-06 3.22111e-05 0.00368785 0.0024965 -0.00482433 
1.91 0.950491 -0.0436472 0.0850489 0.295684 17.3797 16.2936 4.721 -0.350768 -0.208373 0.274824 -4.54241 -1.12046 11.5163 -2.66098 5.18558 3.01685 -8.4973e-05 2.33099e-05 2.92885e-05 0.00364604 0.00244533 -0.00491414 
1.915 0.950264 -0.0438887 0.0847854 0.296452 17.3663 16.3195 4.73612 0.106563 -0.0767242 0.398689 -3.89811 -0.764258 11.9024 -2.66709 5.18 3.03024 -0.000108006 3.13181e-05 4.39707e-05 0.00350665 0.0023076 -0.00501694 
1.92 0.950036 -0.0441286 0.0845194 0.29722 17.353 16.3454 4.75131 -0.208683 -0.0267588 0.528274 -3.76687 -0.554344 11.815 -2.67319 5.17441 3.04289 -0.000114868 2.42471e-05 3.70882e-05 0.00359081 0.00222701 -0.00511841 
1.925 0.949809 -0.0443671 0.0842511 0.297988 17.3396 16.3712 4.76655 -0.135147 0.15058 0.468027 -4.02515 -0.548888 10.8134 -2.67928 5.1688 3.05479 -0.000111793 2.32452e-05 5.30824e-05 0.00324833 0.00206534 -0.00486273 
1.93 0.94958 -0.0446041 0.0839802 0.298756 17.3262 16.3971 4.78185 -0.358888 0.0254169 0.156593 -4.3693 -0.157284 11.1194 -2.68537 5.16319 3.06593 -0.000132668 2.27099e-05 4.69883e-05 0.00299977 0.00199487 -0.00465768 
1.935 0.949352 -0.0448396 0.083707 0.299523 17.3128 16.4229 4.79721 -0.363285 -0.559165 0.173658 -3.6538 -0.501417 11.0881 -2.69145 5.15756 3.07632 -0.0001342 2.39502e-05 3.96647e-05 0.00312335 0.00187004 -0.00467564 
1.94 0.949122 -0.0450736 0.0834314 0.30029 17.2993 16.4486 4.81261 -0.131652 -0.163899 0.542931 -3.66719 -0.680564 11.1709 -2.69752 5.15191 3.08594 -0.000137338 3.13071e-05 2.94817e-05 0.0031911 0.00194676 -0.00469507 
1.945 0.948893 -0.045306 0.0831533 0.301057 17.2858 16.4744 4.82807 0.116746 -0.065781 0.21269 -3.59401 -1.03043 11.1148 -2.70359 5.14626 3.09481 -0.000123429 4.77921e-05 1.63032e-05 0.00326389 0.00186633 -0.00462116 
1.95 0.948663 -0.045537 0.0828729 0.301823 17.2723 16.5001 4.84356 -0.235784 -0.124574 0.266527 -3.99391 -1.1003 10.7447 -2.70965 5.14059 3.10291 -0.000125721 5.61485e-05 7.608e-06 0.00334751 0.00194138 -0.00468495 
1.955 0.948432 -0.0457663 0.08259 0.302589 17.2587 16.5258 4.85909 -0.255553 -0.30965 0.61381 -3.64922 -0.792549 10.8749 -2.7157 5.13491 3.11025 -0.000107305 4.03795e-05 3.753e-06 0.00345245 0.00199438 -0.00465666 
1.96 0.948202 -0.0459942 0.0823048 0.303355 17.2451 16.5514 4.87466 0.247343 0.0377526 0.265271 -3.87933 -1.09587 10.3102 -2.72175 5.12921 3.11682 -0.000100967 3.2172e-05 1.47785e-05 0.00318361 0.00202392 -0.00471982 
1.965 0.94797 -0.0462204 0.0820173 0.30412 17.2315 16.5771 4.89026 -0.457395 -0.266028 0.430275 -3.78886 -0.774338 10.4334 -2.72778 5.12351 3.12262 -9.82185e-05 3.97925e-05 2.17746e-05 0.00304088 0.00201875 -0.00463396 
1.97 0.947738 -0.0464451 0.0817273 0.304886 17.2178 16.6027 4.90589 0.431824 -0.56392 0.374386 -4.12973 -0.388753 10.3184 -2.73382 5.11779 3.12765 -8.83944e-05 2.0383e-05 1.36886e-05 0.00300452 0.00223276 -0.00455994 
1.975 0.947506 -0.0466682 0.0814351 0.305651 17.2041 16.6283 4.92154 -0.291403 -0.292308 0.199848 -3.88686 -0.30634 10.195 -2.73984 5.11205 3.13191 -7.2419e-05 2.44568e-05 -7.71502e-08 0.00297526 0.00193135 -0.00463052 
1.98 0.947274 -0.0468897 0.0811404 0.306415 17.1904 16.6538 4.9372 -0.0720686 -0.019694 0.363842 -3.03068 -0.774353 10.0298 -2.74586 5.10631 3.13539 -8.58081e-05 3.77126e-05 -2.01951e-05 0.00283388 0.00203224 -0.0047807 
1.985 0.947041 -0.0471097 0.0808435 0.307179 17.1767 16.6793 4.95289 0.124923 -0.106361 0.289025 -3.51592 -0.676868 9.63809 -2.75187 5.10055 3.1381 -9.12417e-05 3.52702e-05 -2.27708e-05 0.00299353 0.0019294 -0.00473144 
1.99 0.946807 -0.047328 0.0805442 0.307943 17.1629 16.7048 4.96858 0.0980105 -0.168482 0.84011 -4.1526 -0.87103 9.80072 -2.75788 5.09478 3.14004 -8.76002e-05 4.78185e-05 -2.28557e-05 0.00296793 0.00196779 -0.00467186 
1.995 0.946573 -0.0475447 0.0802427 0.308707 17.1491 16.7303 4.98429 0.11411 -0.149409 0.151803 -3.65544 0.00699755 9.16123 -2.76388 5.089 3.1412 -8.72702e-05 2.67506e-05 -1.15343e-05 0.00277828 0.00190618 -0.00450683 
2 0.946339 -0.0477598 0.0799388 0.30947 17.1353 16.7557 4.99999 -0.441578 -0.333723 0.326532 -3.62189 -0.821395 9.06446 -2.76987 5.08321 3.14159 -8.72798e-05 2.55903e-05 4.7308e-06 0.00296622 0.00181496 -0.00447472 
2.005 0.946104 -0.0479732 0.0796327 0.310233 17.1214 16.7811 5.0157 0.202753 0.156854 0.402457 -3.08045 -0.474711 9.19971 -2.77586 5.0774 3.14121 -7.54698e-05 5.13548e-05 8.55169e-06 0.00311907 0.00171935 -0.00420669 
2.01 0.945869 -0.048185 0.0793242 0.310996 17.1075 16.8065 5.03141 0.152424 -0.0962401 0.190448 -3.70179 -0.360666 8.94262 -2.78183 5.07158 3.14004 -6.36854e-05 4.86044e-05 3.34911e-05 0.00316824 0.00185562 -0.0040004 
2.015 0.945633 -0.0483952 0.0790135 0.311758 17.0936 16.8318 5.0471 -0.868247 -0.298436 0.260978 -3.3402 -0.348449 8.75238 -2.78781 5.06575 3.13811 -5.78638e-05 7.39514e-05 4.12172e-05 0.00331061 0.00199557 -0.00410649 
2.02 0.945397 -0.0486037 0.0787005 0.31252 17.0796 16.8571 5.06279 -0.114697 -0.766877 0.276399 -2.93612 -0.945594 8.98646 -2.79377 5.0599 3.13539 -6.21205e-05 7.22639e-05 6.37796e-05 0.00335015 0.00234345 -0.00434273 
2.025 0.94516 -0.0488105 0.0783853 0.313282 17.0656 16.8824 5.07846 -0.0785938 0.443434 0.617328 -3.16477 -0.328921 8.81173 -2.79973 5.05404 3.13191 -6.49285e-05 7.63608e-05 7.33536e-05 0.00328571 0.00229785 -0.00425721 
2.03 0.944923 -0.0490157 0.0780679 0.314044 17.0516 16.9077 5.09411 -0.0714888 0.00590922 0.385244 -3.3621 -0.96532 8.57076 -2.80568 5.04817 3.12765 -5.95815e-05 6.94322e-05 7.69434e-05 0.00312152 0.00263757 -0.00412584 
2.035 0.944686 -0.0492192 0.0777482 0.314805 17.0376 16.9329 5.10973 0.0440145 -0.313903 0.256293 -3.06266 -0.802244 8.70668 -2.81162 5.04229 3.12262 -7.22056e-05 6.42493e-05 9.47134e-05 0.00299806 0.00252595 -0.00408089 
2.04 0.944448 -0.0494209 0.0774263 0.315565 17.0235 16.9581 5.12533 -0.0209449 -0.288429 0.155856 -3.30419 -0.992278 8.25806 -2.81756 5.03639 3.11682 -7.74188e-05 6.83106e-05 0.000102587 0.00281276 0.00262755 -0.00424573 
2.045 0.944209 -0.049621 0.0771022 0.316326 17.0094 16.9833 5.1409 0.338163 0.150816 0.190551 -2.67109 -0.820563 7.84801 -2.82349 5.03049 3.11025 -8.91005e-05 6.09287e-05 0.000116484 0.00263145 0.00255285 -0.00412509 
2.05 0.94397 -0.0498194 0.0767759 0.317086 16.9953 17.0084 5.15643 0.0889657 -0.137983 0.440967 -3.03468 -0.0258061 8.07102 -2.82941 5.02457 3.10292 -8.36566e-05 5.33613e-05 0.000112605 0.00271434 0.00235535 -0.00414623 
2.055 0.943731 -0.050016 0.0764474 0.317846 16.9811 17.0335 5.17193 -0.0208892 0.0459993 0.468595 -2.87588 -0.559514 7.37086 -2.83533 5.01864 3.09481 -7.75013e-05 6.65573e-05 0.000110002 0.00274514 0.00215862 -0.00428284 
2.06 0.943491 -0.0502109 0.0761167 0.318605 16.9669 17.0586 5.18738 0.136396 -0.0317196 0.236727 -2.89287 -0.894427 8.03264 -2.84124 5.01269 3.08595 -5.73532e-05 6.83704e-05 0.000113294 0.00279609 0.00198469 -0.00422043 
2.065 0.943251 -0.0504041 0.0757839 0.319364 16.9527 17.0836 5.20279 -0.402967 0.0869188 0.644531 -3.20438 -0.160287 7.96162 -2.84714 5.00673 3.07632 -4.81783e-05 8.37205e-05 0.000106773 0.00282682 0.00207282 -0.00417704 
2.07 0.943011 -0.0505956 0.0754489 0.320123 16.9384 17.1087 5.21814 -0.091702 0.227161 0.61641 -2.47958 -0.819751 6.32862 -2.85304 5.00076 3.06593 -5.07731e-05 0.000101695 0.000108433 0.00281835 0.00178412 -0.00417682 
2.075 0.94277 -0.0507853 0.0751118 0.320881 16.9242 17.1336 5.23345 -0.225775 0.0379343 0.20833 -2.94635 -0.685598 7.12102 -2.85892 4.99478 3.05479 -5.14855e-05 0.00010574 0.000120715 0.00270963 0.00204996 -0.00406474 
2.08 0.942528 -0.0509732 0.0747726 0.321639 16.9099 17.1586 5.24869 0.0802258 0.0323109 -0.236591 -3.20579 -0.943161 6.59055 -2.8648 4.98879 3.04289 -4.16361e-05 9.53346e-05 0.000142664 0.00271842 0.00180913 -0.004218 
2.085 0.942286 -0.0511594 0.0744312 0.322397 16.8955 17.1835 5.26387 0.00161315 -0.188698 0.159359 -3.06435 -0.556994 6.47899 -2.87068 4.98278 3.03025 -2.89661e-05 8.49473e-05 0.000125549 0.00279665 0.0018439 -0.00425197 
2.09 0.942044 -0.0513438 0.0740877 0.323154 16.8811 17.2084 5.27899 -0.352499 0.240867 0.719686 -3.45452 -0.664497 6.36061 -2.87654 4.97676 3.01685 -4.12561e-05 8.17923e-05 0.000136291 0.00299807 0.00168835 -0.00420829 
2.095 0.941801 -0.0515264 0.0737421 0.323911 16.8668 17.2333 5.29404 -0.0537381 0.0299023 0.234488 -3.22925 -1.11994 6.87224 -2.8824 4.97073 3.00271 -4.04769e-05 9.43056e-05 0.000149309 0.00285492 0.00148754 -0.00399026 
2.1 0.941558 -0.0517072 0.0733944 0.324667 16.8523 17.2581 5.30902 -0.459736 -0.120338 0.32372 -2.23571 -0.820224 6.12835 -2.88826 4.96469 2.98783 -4.30406e-05 0.000109199 0.00016404 0.00290007 0.00152507 -0.00392257 
2.105 0.941314 -0.0518862 0.0730447 0.325424 16.8379 17.283 5.32392 -0.18471 0.059242 0.632415 -2.53019 -0.224305 6.93829 -2.8941 4.95863 2.97221 -4.88957e-05 0.000119926 0.000167225 0.00309189 0.00153984 -0.00394811 
2.11 0.94107 -0.0520634 0.0726929 0.326179 16.8234 17.3077 5.33874 -0.204512 -0.429424 0.0684017 -2.76529 -0.410511 6.58448 -2.89994 4.95257 2.95586 -7.41261e-05 0.00012671 0.000149025 0.00290657 0.00151582 -0.00411276 
2.115 0.940825 -0.0522388 0.072339 0.326935 16.8089 17.3325 5.35348 -0.313702 -0.203583 0.342924 -2.4246 -0.923102 6.13619 -2.90577 4.94649 2.93878 -6.79812e-05 0.000125679 0.000145184 0.00273284 0.00157082 -0.00408403 
2.12 0.94058 -0.0524124 0.0719831 0.32769 16.7943 17.3572 5.36813 -0.346769 -0.169416 -0.0448388 -2.41553 -0.425971 5.89717 -2.9116 4.94039 2.92097 -4.9914e-05 0.000122526 0.000152203 0.0027028 0.00163474 -0.00394875 
2.125 0.940334 -0.0525842 0.0716252 0.328445 16.7798 17.3819 5.38269 0.0820729 -0.0667194 0.627137 -2.43672 -0.693783 5.44848 -2.91741 4.93429 2.90245 -4.95794e-05 0.000122832 0.000161249 0.00273579 0.00158715 -0.00401728 
2.13 0.940088 -0.0527541 0.0712652 0.329199 16.7651 17.4065 5.39715 -0.0808796 0.0316061 0.0686652 -3.10998 -0.598833 5.17579 -2.92322 4.92817 2.88321 -5.31555e-05 0.000139813 0.00016256 0.00278539 0.00163136 -0.00399058 
2.135 0.939842 -0.0529222 0.0709033 0.329953 16.7505 17.4312 5.41152 -0.105753 -0.246547 0.23288 -2.80849 -0.427976 5.13334 -2.92902 4.92205 2.86325 -5.99708e-05 0.000142303 0.000148475 0.00268594 0.00154117 -0.00396422 
2.14 0.939595 -0.0530884 0.0705393 0.330707 16.7359 17.4558 5.42578 -0.125427 -0.360122 0.230855 -2.69457 -0.474277 5.2242 -2.93482 4.9159 2.84259 -4.11648e-05 0.00015224 0.000164215 0.00271344 0.00150051 -0.00401189 
2.145 0.939348 -0.0532528 0.0701734 0.33146 16.7212 17.4803 5.43994 -0.114018 0.177368 0.0673501 -3.15924 -0.435215 5.22435 -2.94061 4.90975 2.82123 -2.75699e-05 0.000155896 0.000162062 0.00280691 0.00136253 -0.00404981 
2.15 0.9391 -0.0534153 0.0698055 0.332213 16.7065 17.5049 5.454 0.108299 0.133178 0.284067 -2.73718 -0.809797 4.88271 -2.94639 4.90359 2.79917 -2.93016e-05 0.000153155 0.000143141 0.00306223 0.00128116 -0.00411901 
2.155 0.938852 -0.0535759 0.0694356 0.332966 16.6917 17.5294 5.46794 0.0298261 0.205927 0.63464 -2.52223 -0.639917 4.19346 -2.95216 4.89741 2.77642 -1.25216e-05 0.000133793 0.000147092 0.00296872 0.00131971 -0.00427427 
2.16 0.938603 -0.0537347 0.0690638 0.333718 16.6769 17.5538 5.48176 -0.42498 0.0576352 0.393605 -2.40272 -0.403421 4.59499 -2.95793 4.89122 2.75299 -3.95494e-06 0.000145281 0.000168075 0.00306253 0.00133619 -0.0042553 
2.165 0.938354 -0.0538916 0.06869 0.33447 16.6621 17.5783 5.49546 -0.074211 -0.243401 0.362358 -2.10912 -0.476892 4.96793 -2.96369 4.88502 2.72888 -6.37534e-06 0.00015673 0.000204348 0.00293723 0.00157084 -0.00428187 
2.17 0.938104 -0.0540465 0.0683143 0.335221 16.6473 17.6027 5.50905 -0.198404 -0.251243 0.442798 -2.50349 -0.555147 4.27481 -2.96944 4.87881 2.70409 1.44894e-06 0.000172686 0.00020563 0.00280333 0.00152375 -0.00404749 
2.175 0.937854 -0.0541996 0.0679367 0.335972 16.6324 17.6271 5.5225 -0.226004 0.0557847 0.0444259 -2.73307 -0.523523 3.85707 -2.97518 4.87258 2.67864 -7.8935e-06 0.00017068 0.000222969 0.00267071 0.00117571 -0.00406819 
2.18 0.937603 -0.0543508 0.0675572 0.336723 16.6175 17.6514 5.53583 -0.366421 -0.419836 0.35561 -2.10608 -0.697854 4.12134 -2.98092 4.86634 2.65252 -1.50449e-05 0.000174847 0.00022103 0.00239541 0.000750447 -0.00411203 
2.185 0.937352 -0.0545001 0.0671759 0.337473 16.6026 17.6757 5.54903 -0.0413634 -0.0563779 0.0456132 -2.4737 -0.474786 3.8751 -2.98665 4.86009 2.62575 -1.64582e-05 0.000155172 0.000227245 0.00238574 0.000757036 -0.00420159 
2.19 0.937101 -0.0546474 0.0667926 0.338223 16.5877 17.7 5.56209 -0.0841664 0.154027 0.475074 -2.79766 -0.497268 3.94094 -2.99237 4.85383 2.59834 -3.39199e-05 0.00015719 0.000251898 0.00266658 0.000806144 -0.00396015 
2.195 0.936849 -0.0547928 0.0664075 0.338972 16.5727 17.7243 5.57501 -0.149135 -0.0967002 0.148247 -2.01728 -0.606352 3.714 -2.99809 4.84756 2.57028 -6.023e-05 0.000147438 0.000267746 0.0029082 0.00063128 -0.00384588 
