0 0.99875 0.0499792 0 0 20 5 5 0 0.230364 0.292623 -1.48044 0.979366 9.76099 -0 6.28319 3.14159 0 0 0 6.95262e-310 6.93904e-310 3.51281e-321 
0.005 0.99875 0.0499781 0.000538626 0.000759427 20 5.03142 5.01571 -0.000814156 0.230362 0.292623 -1.4901 0.962958 9.60534 -0.0074022 6.28318 3.14121 0 0 0 6.95262e-310 6.93904e-310 3.51281e-321 
0.01 0.998749 0.049975 0.00107724 0.00151886 19.9999 5.06283 5.03141 -0.00162829 0.230353 0.292625 -1.49944 0.946529 9.44972 -0.0148044 6.28315 3.14004 0 0 0 6.95262e-310 6.93904e-310 3.51281e-321 
0.015 0.998747 0.0499698 0.00161581 0.00227829 19.9998 5.09425 5.04711 -0.00244238 0.230339 0.292627 -1.50848 0.930085 9.29417 -0.0222065 6.28312 3.13811 0 0 0 6.95262e-310 6.93904e-310 3.51281e-321 
0.02 0.998744 0.0499626 0.00215434 0.00303773 19.9997 5.12566 5.06279 -0.00325642 0.230319 0.292629 -1.51721 0.913631 9.13873 -0.0296086 6.28306 3.13539 0 0 0 6.95262e-310 6.93904e-310 3.51281e-321 
0.025 0.998741 0.0499532 0.0026928 0.00379717 19.9995 5.15708 5.07846 -0.00407037 0.230293 0.292633 -1.52563 0.897172 8.98344 -0.0370106 6.28299 3.13191 0 0 0 6.95262e-310 6.93904e-310 3.51281e-321 
0.03 0.998737 0.0499418 0.00323118 0.00455662 19.9993 5.18849 5.09411 -0.00488421 0.230261 0.292637 -1.53374 0.880712 8.82833 -0.0444126 6.28291 3.12765 0 0 0 6.95262e-310 6.93904e-310 3.51281e-321 
0.035 0.998732 0.0499283 0.00376946 0.00531608 19.9991 5.21991 5.10973 -0.00569793 0.230224 0.292642 -1.54154 0.864257 8.67344 -0.0518144 6.28281 3.12262 0 0 0 6.95262e-310 6.93904e-310 3.51281e-321 
0.04 0.998726 0.0499127 0.00430763 0.00607555 19.9988 5.25132 5.12533 -0.00651151 0.230181 0.292647 -1.54904 0.847812 8.51881 -0.0592161 6.28269 3.11682 0 0 0 6.95262e-310 6.93904e-310 3.51281e-321 
0.045 0.998719 0.0498951 0.00484566 0.00683504 19.9985 5.28273 5.1409 -0.00732492 0.230132 0.292654 -1.55623 0.831382 8.36449 -0.0666176 6.28256 3.11025 0 0 0 6.95262e-310 6.93904e-310 3.51281e-321 
0.05 0.998712 0.0498754 0.00538355 0.00759454 19.9981 5.31415 5.15643 -0.00813815 0.230078 0.292661 -1.56311 0.814972 8.2105 -0.074019 6.28241 3.10291 0 0 0 6.95262e-310 6.93904e-310 3.51281e-321 
0.055 0.998704 0.0498536 0.00592127 0.00835406 19.9978 5.34556 5.17193 -0.00895117 0.230017 0.292669 -1.5697 0.798586 8.05688 -0.0814202 6.28225 3.09481 0 0 0 6.95262e-310 6.93904e-310 3.51281e-321 
0.06 0.998695 0.0498298 0.00645881 0.00911359 19.9973 5.37697 5.18738 -0.00976396 0.229951 0.292678 -1.57598 0.782231 7.90368 -0.0888212 6.28207 3.08595 0 0 0 6.95262e-310 6.93904e-310 3.51281e-321 
0.065 0.998686 0.0498038 0.00699616 0.00987315 19.9969 5.40838 5.20279 -0.0105765 0.22988 0.292687 -1.58196 0.765909 7.75093 -0.096222 6.28188 3.07632 0 0 0 6.95262e-310 6.93904e-310 3.51281e-321 
0.07 0.998675 0.0497758 0.00753329 0.0106327 19.9964 5.43979 5.21814 -0.0113888 0.229802 0.292698 -1.58764 0.749628 7.59867 -0.103622 6.28167 3.06593 0 0 0 6.95262e-310 6.93904e-310 3.51281e-321 
0.075 0.998664 0.0497458 0.00807019 0.0113923 19.9958 5.4712 5.23345 -0.0122008 0.229719 0.292709 -1.59303 0.73339 7.44694 -0.111023 6.28144 3.05479 0 0 0 6.95262e-310 6.93904e-310 3.51281e-321 
0.08 0.998652 0.0497136 0.00860684 0.0121519 19.9953 5.5026 5.24869 -0.0130124 0.22963 0.29272 -1.59812 0.717202 7.29577 -0.118423 6.2812 3.04289 0 0 0 6.95262e-310 6.93904e-310 3.51281e-321 
0.085 0.99864 0.0496794 0.00914324 0.0129116 19.9947 5.53401 5.26387 -0.0138238 0.229536 0.292733 -1.60292 0.701068 7.1452 -0.125823 6.28095 3.03025 0 0 0 6.95262e-310 6.93904e-310 3.51281e-321 
0.09 0.998627 0.0496432 0.00967935 0.0136713 19.994 5.56541 5.27899 -0.0146348 0.229435 0.292746 -1.60743 0.684993 6.99527 -0.133222 6.28067 3.01685 0 0 0 6.95262e-310 6.93904e-310 3.51281e-321 
0.095 0.998612 0.0496048 0.0102152 0.014431 19.9933 5.59681 5.29404 -0.0154454 0.229329 0.29276 -1.61166 0.668982 6.84601 -0.140621 6.28039 3.00271 0 0 0 6.95262e-310 6.93904e-310 3.51281e-321 
0.1 0.998598 0.0495645 0.0107507 0.0151907 19.9926 5.62822 5.30902 -0.0162556 0.229218 0.292775 -1.6156 0.653039 6.69746 -0.14802 6.28009 2.98783 0 0 0 6.95262e-310 6.93904e-310 3.51281e-321 
0.105 0.998582 0.049522 0.0112859 0.0159505 19.9918 5.65961 5.32392 -0.0170655 0.2291 0.292791 -1.61926 0.637168 6.54967 -0.155418 6.27977 2.97221 0 0 0 6.95262e-310 6.93904e-310 3.51281e-321 
0.11 0.998565 0.0494775 0.0118207 0.0167103 19.991 5.69101 5.33874 -0.0178749 0.228977 0.292807 -1.62264 0.621376 6.40266 -0.162816 6.27943 2.95586 0 0 0 6.95262e-310 6.93904e-310 3.51281e-321 
0.115 0.998548 0.0494309 0.0123552 0.0174701 19.9902 5.72241 5.35347 -0.0186838 0.228848 0.292824 -1.62575 0.605665 6.25647 -0.170214 6.27909 2.93878 0 0 0 6.95262e-310 6.93904e-310 3.51281e-321 
0.12 0.99853 0.0493823 0.0128893 0.01823 19.9893 5.7538 5.36812 -0.0194922 0.228714 0.292842 -1.62859 0.590042 6.11114 -0.177611 6.27872 2.92098 0 0 0 6.95262e-310 6.93904e-310 3.51281e-321 
0.125 0.998512 0.0493316 0.013423 0.0189899 19.9884 5.7852 5.38268 -0.0203002 0.228574 0.29286 -1.63116 0.57451 5.9667 -0.185008 6.27834 2.90245 0 0 0 6.95262e-310 6.93904e-310 3.51281e-321 
0.13 0.998492 0.0492789 0.0139563 0.0197498 19.9875 5.81659 5.39715 -0.0211077 0.228428 0.292879 -1.63347 0.559074 5.82318 -0.192404 6.27795 2.88321 0 0 0 6.95262e-310 6.93904e-310 3.51281e-321 
0.135 0.998472 0.0492242 0.0144891 0.0205098 19.9865 5.84798 5.41151 -0.0219146 0.228276 0.292899 -1.63551 0.543738 5.68064 -0.1998 6.27754 2.86326 0 0 0 6.95262e-310 6.93904e-310 3.51281e-321 
0.14 0.998451 0.0491673 0.0150216 0.0212699 19.9855 5.87936 5.42578 -0.0227209 0.228119 0.29292 -1.6373 0.528506 5.53909 -0.207195 6.27711 2.8426 0 0 0 6.95262e-310 6.93904e-310 3.51281e-321 
0.145 0.998429 0.0491085 0.0155535 0.02203 19.9844 5.91075 5.43994 -0.0235267 0.227956 0.292941 -1.63884 0.513384 5.39858 -0.21459 6.27667 2.82124 0 0 0 6.95262e-310 6.93904e-310 3.51281e-321 
0.15 0.998407 0.0490476 0.016085 0.0227901 19.9833 5.94213 5.45399 -0.0243319 0.227787 0.292964 -1.64013 0.498375 5.25913 -0.221984 6.27621 2.79918 0 0 0 6.95262e-310 6.93904e-310 3.51281e-321 
0.155 0.998384 0.0489846 0.016616 0.0235503 19.9822 5.97351 5.46793 -0.0251365 0.227613 0.292987 -1.64118 0.483483 5.12079 -0.229378 6.27574 2.77643 0 0 0 6.95262e-310 6.93904e-310 3.51281e-321 
0.16 0.99836 0.0489196 0.0171465 0.0243105 19.9811 6.00489 5.48175 -0.0259404 0.227433 0.29301 -1.64199 0.468713 4.98358 -0.236771 6.27525 2.753 0 0 0 6.95262e-310 6.93904e-310 3.51281e-321 
0.165 0.998335 0.0488526 0.0176765 0.0250708 19.9799 6.03626 5.49546 -0.0267437 0.227247 0.293035 -1.64256 0.454068 4.84754 -0.244163 6.27475 2.72889 0 0 0 6.95262e-310 6.93904e-310 3.51281e-321 
0.17 0.998309 0.0487835 0.0182059 0.0258311 19.9786 6.06763 5.50904 -0.0275462 0.227056 0.29306 -1.64291 0.439554 4.71271 -0.251555 6.27423 2.7041 0 0 0 6.95262e-310 6.93904e-310 3.51281e-321 
0.175 0.998283 0.0487124 0.0187348 0.0265915 19.9773 6.099 5.5225 -0.0283481 0.226859 0.293085 -1.64303 0.425173 4.57912 -0.258947 6.27369 2.67865 0 0 0 6.95262e-310 6.93904e-310 3.51281e-321 
0.18 0.998256 0.0486393 0.0192631 0.0273519 19.976 6.13037 5.53583 -0.0291493 0.226656 0.293112 -1.64293 0.41093 4.44679 -0.266337 6.27314 2.65253 0 0 0 6.95262e-310 6.93904e-310 3.51281e-321 
0.185 0.998228 0.0485642 0.0197908 0.0281124 19.9747 6.16173 5.54902 -0.0299497 0.226448 0.293139 -1.64262 0.396829 4.31577 -0.273727 6.27258 2.62577 0 0 0 6.95262e-310 6.93904e-310 3.51281e-321 
0.19 0.9982 0.048487 0.0203179 0.028873 19.9733 6.1931 5.56208 -0.0307494 0.226234 0.293167 -1.6421 0.382873 4.18608 -0.281117 6.272 2.59835 0 0 0 6.95262e-310 6.93904e-310 3.51281e-321 
0.195 0.99817 0.0484078 0.0208444 0.0296336 19.9719 6.22445 5.57501 -0.0315483 0.226014 0.293196 -1.64138 0.369066 4.05775 -0.288505 6.2714 2.57029 0 0 0 6.95262e-310 6.93904e-310 3.51281e-321 
0.2 0.99814 0.0483266 0.0213703 0.0303942 19.9704 6.25581 5.58779 -0.0323464 0.225789 0.293225 -1.64046 0.355412 3.93083 -0.295893 6.27079 2.5416 0 0 0 6.95262e-310 6.93904e-310 3.51281e-321 
0.205 0.998109 0.0482434 0.0218955 0.031155 19.9689 6.28716 5.60042 -0.0331437 0.225558 0.293255 -1.63935 0.341914 3.80533 -0.303281 6.27016 2.51228 0 0 0 6.95262e-310 6.93904e-310 3.51281e-321 
0.21 0.998078 0.0481582 0.02242 0.0319158 19.9674 6.31851 5.61291 -0.0339401 0.225322 0.293286 -1.63805 0.328576 3.6813 -0.310667 6.26952 2.48235 0 0 0 6.95262e-310 6.93904e-310 3.51281e-321 
0.215 0.998046 0.048071 0.0229439 0.0326767 19.9658 6.34986 5.62524 -0.0347357 0.225079 0.293317 -1.63657 0.315402 3.55875 -0.318053 6.26886 2.45179 0 0 0 6.95262e-310 6.93904e-310 3.51281e-321 
0.22 0.998013 0.0479817 0.0234671 0.0334376 19.9642 6.3812 5.63742 -0.0355304 0.224832 0.293349 -1.63492 0.302395 3.43772 -0.325438 6.26818 2.42064 0 0 0 6.95262e-310 6.93904e-310 3.51281e-321 
0.225 0.997979 0.0478905 0.0239895 0.0341986 19.9625 6.41254 5.64945 -0.0363242 0.224578 0.293382 -1.6331 0.289557 3.31825 -0.332822 6.2675 2.38889 0 0 0 6.95262e-310 6.93904e-310 3.51281e-321 
0.23 0.997944 0.0477973 0.0245112 0.0349597 19.9609 6.44388 5.66131 -0.037117 0.22432 0.293416 -1.63111 0.276893 3.20035 -0.340205 6.26679 2.35654 0 0 0 6.95262e-310 6.93904e-310 3.51281e-321 
0.235 0.997909 0.0477021 0.0250322 0.0357208 19.9591 6.47521 5.67301 -0.037909 0.224055 0.29345 -1.62898 0.264406 3.08406 -0.347588 6.26607 2.32362 0 0 0 6.95262e-310 6.93904e-310 3.51281e-321 
0.24 0.997873 0.0476048 0.0255524 0.036482 19.9574 6.50654 5.68455 -0.0386999 0.223785 0.293485 -1.62669 0.252098 2.9694 -0.354969 6.26533 2.29012 0 0 0 6.95262e-310 6.93904e-310 3.51281e-321 
0.245 0.997836 0.0475056 0.0260718 0.0372433 19.9556 6.53786 5.69591 -0.0394899 0.223509 0.29352 -1.62426 0.239972 2.85641 -0.36235 6.26458 2.25606 0 0 0 6.95262e-310 6.93904e-310 3.51281e-321 
0.25 0.997798 0.0474045 0.0265904 0.0380047 19.9538 6.56918 5.70711 -0.0402789 0.223228 0.293557 -1.62169 0.228032 2.74511 -0.36973 6.26382 2.22144 0 0 0 6.95262e-310 6.93904e-310 3.51281e-321 
0.255 0.99776 0.0473013 0.0271082 0.0387661 19.9519 6.6005 5.71813 -0.0410669 0.222941 0.293594 -1.619 0.216281 2.63553 -0.377109 6.26303 2.18628 0 0 0 6.95262e-310 6.93904e-310 3.51281e-321 
0.26 0.997721 0.0471962 0.0276252 0.0395277 19.95 6.63181 5.72897 -0.0418538 0.222649 0.293631 -1.61618 0.20472 2.5277 -0.384487 6.26224 2.15057 0 0 0 6.95262e-310 6.93904e-310 3.51281e-321 
0.265 0.997681 0.0470891 0.0281414 0.0402893 19.948 6.66312 5.73963 -0.0426396 0.222351 0.293669 -1.61324 0.193354 2.42164 -0.391864 6.26142 2.11433 0 0 0 6.95262e-310 6.93904e-310 3.51281e-321 
0.27 0.99764 0.04698 0.0286567 0.041051 19.9461 6.69443 5.75011 -0.0434244 0.222048 0.293708 -1.6102 0.182184 2.31737 -0.39924 6.2606 2.07757 0 0 0 6.95262e-310 6.93904e-310 3.51281e-321 
0.275 0.997599 0.046869 0.0291711 0.0418127 19.9441 6.72573 5.76041 -0.0442081 0.221739 0.293748 -1.60705 0.171212 2.21493 -0.406615 6.25975 2.0403 0 0 0 6.95262e-310 6.93904e-310 3.51281e-321 
0.28 0.997557 0.046756 0.0296846 0.0425746 19.942 6.75702 5.77051 -0.0449906 0.221424 0.293788 -1.60381 0.160442 2.11434 -0.413989 6.25889 2.00253 0 0 0 6.95262e-310 6.93904e-310 3.51281e-321 
0.285 0.997514 0.046641 0.0301972 0.0433365 19.9399 6.78832 5.78043 -0.0457721 0.221104 0.293829 -1.60048 0.149876 2.01562 -0.421362 6.25802 1.96426 0 0 0 6.95262e-310 6.93904e-310 3.51281e-321 
0.29 0.997471 0.0465241 0.0307089 0.0440985 19.9378 6.8196 5.79015 -0.0465523 0.220778 0.29387 -1.59707 0.139515 1.9188 -0.428734 6.25713 1.92551 0 0 0 6.95262e-310 6.93904e-310 3.51281e-321 
0.295 0.997426 0.0464053 0.0312197 0.0448607 19.9356 6.85089 5.79968 -0.0473314 0.220447 0.293912 -1.59359 0.129363 1.82389 -0.436105 6.25622 1.88628 0 0 0 6.95262e-310 6.93904e-310 3.51281e-321 
0.3 0.997381 0.0462845 0.0317295 0.0456229 19.9334 6.88217 5.80902 -0.0481093 0.220111 0.293955 -1.59004 0.119421 1.73093 -0.443475 6.2553 1.84658 0 0 0 6.95262e-310 6.93904e-310 3.51281e-321 
0.305 0.997336 0.0461618 0.0322384 0.0463852 19.9312 6.91344 5.81815 -0.0488859 0.219769 0.293998 -1.58643 0.109691 1.63994 -0.450844 6.25436 1.80643 0 0 0 6.95262e-310 6.93904e-310 3.51281e-321 
0.31 0.997289 0.0460372 0.0327462 0.0471475 19.9289 6.94471 5.82708 -0.0496614 0.219421 0.294042 -1.58277 0.100174 1.55093 -0.458211 6.25341 1.76584 0 0 0 6.95262e-310 6.93904e-310 3.51281e-321 
0.315 0.997242 0.0459106 0.0332531 0.04791 19.9266 6.97597 5.83581 -0.0504355 0.219068 0.294087 -1.57906 0.0908741 1.46393 -0.465578 6.25244 1.72481 0 0 0 6.95262e-310 6.93904e-310 3.51281e-321 
0.32 0.997194 0.0457821 0.033759 0.0486726 19.9243 7.00723 5.84433 -0.0512084 0.21871 0.294132 -1.57532 0.0817913 1.37896 -0.472943 6.25146 1.68335 0 0 0 6.95262e-310 6.93904e-310 3.51281e-321 
0.325 0.997145 0.0456517 0.0342638 0.0494353 19.9219 7.03849 5.85264 -0.05198 0.218346 0.294178 -1.57155 0.0729276 1.29605 -0.480307 6.25046 1.64148 0 0 0 6.95262e-310 6.93904e-310 3.51281e-321 
0.33 0.997095 0.0455194 0.0347676 0.050198 19.9195 7.06974 5.86074 -0.0527503 0.217977 0.294225 -1.56776 0.0642845 1.2152 -0.487671 6.24945 1.5992 0 0 0 6.95262e-310 6.93904e-310 3.51281e-321 
0.335 0.997045 0.0453852 0.0352703 0.0509609 19.917 7.10098 5.86863 -0.0535192 0.217602 0.294272 -1.56395 0.0558635 1.13644 -0.495032 6.24842 1.55653 0 0 0 6.95262e-310 6.93904e-310 3.51281e-321 
0.34 0.996994 0.045249 0.0357719 0.0517239 19.9145 7.13222 5.87631 -0.0542868 0.217222 0.294319 -1.56014 0.0476659 1.0598 -0.502393 6.24738 1.51348 0 0 0 6.95262e-310 6.93904e-310 3.51281e-321 
0.345 0.996943 0.045111 0.0362725 0.0524869 19.912 7.16346 5.88377 -0.055053 0.216836 0.294368 -1.55632 0.039693 0.985277 -0.509752 6.24632 1.47005 0 0 0 6.95262e-310 6.93904e-310 3.51281e-321 
0.35 0.99689 0.0449711 0.036772 0.0532501 19.9094 7.19469 5.89101 -0.0558178 0.216445 0.294416 -1.55252 0.0319458 0.912904 -0.517111 6.24524 1.42625 0 0 0 6.95262e-310 6.93904e-310 3.51281e-321 
0.355 0.996837 0.0448293 0.0372703 0.0540134 19.9068 7.22591 5.89803 -0.0565812 0.216048 0.294466 -1.54873 0.0244255 0.842693 -0.524467 6.24415 1.38211 0 0 0 6.95262e-310 6.93904e-310 3.51281e-321 
0.36 0.996783 0.0446856 0.0377675 0.0547767 19.9042 7.25713 5.90483 -0.0573431 0.215647 0.294516 -1.54497 0.0171331 0.774663 -0.531823 6.24304 1.33763 0 0 0 6.95262e-310 6.93904e-310 3.51281e-321 
0.365 0.996728 0.0445401 0.0382635 0.0555402 19.9015 7.28834 5.9114 -0.0581036 0.215239 0.294567 -1.54123 0.0100693 0.708828 -0.539177 6.24192 1.29281 0 0 0 6.95262e-310 6.93904e-310 3.51281e-321 
0.37 0.996673 0.0443926 0.0387584 0.0563038 19.8988 7.31955 5.91775 -0.0588627 0.214827 0.294618 -1.53754 0.00323488 0.645205 -0.54653 6.24079 1.24768 0 0 0 6.95262e-310 6.93904e-310 3.51281e-321 
0.375 0.996617 0.0442433 0.0392521 0.0570675 19.896 7.35075 5.92388 -0.0596202 0.214409 0.294669 -1.53389 -0.00336939 0.583809 -0.553882 6.23963 1.20224 0 0 0 6.95262e-310 6.93904e-310 3.51281e-321 
0.38 0.99656 0.0440922 0.0397446 0.0578313 19.8932 7.38194 5.92978 -0.0603763 0.213985 0.294722 -1.5303 -0.00974297 0.524654 -0.561232 6.23847 1.1565 0 0 0 6.95262e-310 6.93904e-310 3.51281e-321 
0.385 0.996502 0.0439392 0.0402359 0.0585952 19.8904 7.41313 5.93544 -0.0611308 0.213557 0.294774 -1.52677 -0.0158854 0.467755 -0.568581 6.23728 1.11048 0 0 0 6.95262e-310 6.93904e-310 3.51281e-321 
0.39 0.996444 0.0437843 0.040726 0.0593592 19.8876 7.44431 5.94088 -0.0618837 0.213123 0.294828 -1.52331 -0.0217963 0.413125 -0.575928 6.23608 1.06418 0 0 0 6.95262e-310 6.93904e-310 3.51281e-321 
0.395 0.996385 0.0436277 0.0412149 0.0601233 19.8847 7.47549 5.94609 -0.0626351 0.212683 0.294882 -1.51993 -0.0274753 0.360777 -0.583274 6.23487 1.01762 0 0 0 6.95262e-310 6.93904e-310 3.51281e-321 
0.4 0.996325 0.0434691 0.0417024 0.0608876 19.8817 7.50666 5.95106 -0.0633849 0.212239 0.294936 -1.51663 -0.0329223 0.310722 -0.590619 6.23364 0.970808 0 0 0 6.95262e-310 6.93904e-310 3.51281e-321 
0.405 0.996265 0.0433088 0.0421887 0.061652 19.8787 7.53783 5.95579 -0.0641332 0.211789 0.294991 -1.51342 -0.0381372 0.262974 -0.597962 6.2324 0.923757 0 0 0 6.95262e-310 6.93904e-310 3.51281e-321 
0.41 0.996204 0.0431466 0.0426738 0.0624164 19.8757 7.56899 5.96029 -0.0648797 0.211334 0.295047 -1.51032 -0.0431199 0.217543 -0.605303 6.23114 0.876479 0 0 0 6.95262e-310 6.93904e-310 3.51281e-321 
0.415 0.996142 0.0429826 0.0431575 0.063181 19.8727 7.60014 5.96456 -0.0656247 0.210873 0.295103 -1.50732 -0.0478707 0.17444 -0.612643 6.22986 0.828984 0 0 0 6.95262e-310 6.93904e-310 3.51281e-321 
0.42 0.996079 0.0428168 0.0436399 0.0639457 19.8696 7.63129 5.96858 -0.066368 0.210408 0.295159 -1.50444 -0.0523895 0.133675 -0.619982 6.22857 0.781285 0 0 0 6.95262e-310 6.93904e-310 3.51281e-321 
0.425 0.996016 0.0426492 0.044121 0.0647106 19.8665 7.66243 5.97237 -0.0671096 0.209937 0.295216 -1.50168 -0.0566768 0.0952564 -0.627319 6.22726 0.733393 0 0 0 6.95262e-310 6.93904e-310 3.51281e-321 
0.43 0.995951 0.0424798 0.0446007 0.0654755 19.8633 7.69356 5.97592 -0.0678495 0.20946 0.295274 -1.49905 -0.060733 0.0591941 -0.634655 6.22594 0.68532 0 0 0 6.95262e-310 6.93904e-310 3.51281e-321 
0.435 0.995887 0.0423086 0.0450791 0.0662406 19.8601 7.72468 5.97922 -0.0685877 0.208979 0.295332 -1.49656 -0.0645584 0.0254961 -0.641989 6.22461 0.637078 0 0 0 6.95262e-310 6.93904e-310 3.51281e-321 
0.44 0.995821 0.0421356 0.0455561 0.0670058 19.8569 7.7558 5.98229 -0.0693241 0.208492 0.295391 -1.49421 -0.0681537 -0.00583006 -0.649321 6.22325 0.588678 0 0 0 6.95262e-310 6.93904e-310 3.51281e-321 
0.445 0.995755 0.0419609 0.0460318 0.0677711 19.8537 7.78692 5.98511 -0.0700588 0.208 0.29545 -1.49202 -0.0715195 -0.0347772 -0.656652 6.22189 0.540134 0 0 0 6.95262e-310 6.93904e-310 3.51281e-321 
0.45 0.995688 0.0417844 0.046506 0.0685365 19.8504 7.81802 5.98769 -0.0707917 0.207503 0.295509 -1.48998 -0.0746565 -0.0613389 -0.663981 6.2205 0.491456 0 0 0 6.95262e-310 6.93904e-310 3.51281e-321 
0.455 0.99562 0.0416061 0.0469788 0.069302 19.847 7.84912 5.99002 -0.0715229 0.207001 0.295569 -1.48811 -0.0775657 -0.0855094 -0.671309 6.2191 0.442657 0 0 0 6.95262e-310 6.93904e-310 3.51281e-321 
0.46 0.995552 0.041426 0.0474502 0.0700677 19.8436 7.88021 5.99211 -0.0722522 0.206493 0.29563 -1.48642 -0.0802479 -0.107283 -0.678634 6.21769 0.393749 0 0 0 6.95262e-310 6.93904e-310 3.51281e-321 
0.465 0.995482 0.0412442 0.0479201 0.0708335 19.8402 7.9113 5.99396 -0.0729797 0.205981 0.295691 -1.48491 -0.0827042 -0.126656 -0.685959 6.21626 0.344743 0 0 0 6.95262e-310 6.93904e-310 3.51281e-321 
0.47 0.995413 0.0410607 0.0483886 0.0715995 19.8368 7.94238 5.99556 -0.0737054 0.205463 0.295752 -1.48358 -0.0849356 -0.143623 -0.693281 6.21482 0.295653 0 0 0 6.95262e-310 6.93904e-310 3.51281e-321 
0.475 0.995342 0.0408754 0.0488556 0.0723655 19.8333 7.97345 5.99692 -0.0744292 0.20494 0.295814 -1.48245 -0.0869435 -0.158181 -0.700602 6.21336 0.246489 0 0 0 6.95262e-310 6.93904e-310 3.51281e-321 
0.48 0.995271 0.0406884 0.0493211 0.0731317 19.8298 8.00451 5.99803 -0.0751511 0.204412 0.295876 -1.48152 -0.0887291 -0.170328 -0.707921 6.21188 0.197265 0 0 0 6.95262e-310 6.93904e-310 3.51281e-321 
0.485 0.995199 0.0404996 0.0497852 0.073898 19.8262 8.03557 5.99889 -0.0758711 0.203879 0.295939 -1.4808 -0.0902937 -0.180061 -0.715238 6.21039 0.147992 0 0 0 6.95262e-310 6.93904e-310 3.51281e-321 
0.49 0.995126 0.0403092 0.0502477 0.0746645 19.8226 8.06661 5.99951 -0.0765892 0.203341 0.296002 -1.48029 -0.0916389 -0.187378 -0.722554 6.20889 0.0986828 0 0 0 6.95262e-310 6.93904e-310 3.51281e-321 
0.495 0.995052 0.040117 0.0507087 0.075431 19.819 8.09765 5.99988 -0.0773054 0.202798 0.296066 -1.48001 -0.0927662 -0.192278 -0.729868 6.20737 0.049349 0 0 0 6.95262e-310 6.93904e-310 3.51281e-321 
0.5 0.994978 0.0399231 0.0511681 0.0761977 19.8153 8.12869 6 -0.0780196 0.202249 0.29613 -1.47995 -0.0936773 -0.194761 -0.73718 6.20583 3.09819e-06 0 0 0 6.95262e-310 6.93904e-310 3.51281e-321 
0.505 0.994903 0.0397276 0.051626 0.0769646 19.8116 8.15971 5.99988 -0.0787318 0.201696 0.296194 -1.48013 -0.0943739 -0.194828 -0.74449 6.20428 -0.0493431 0 0 0 6.95262e-310 6.93904e-310 3.51281e-321 
0.51 0.994828 0.0395303 0.0520823 0.0777316 19.8079 8.19073 5.99951 -0.0794421 0.201137 0.296259 -1.48055 -0.0948579 -0.192477 -0.751798 6.20271 -0.0986769 0 0 0 6.95262e-310 6.93904e-310 3.51281e-321 
0.515 0.994752 0.0393314 0.052537 0.0784987 19.8041 8.22174 5.99889 -0.0801503 0.200574 0.296324 -1.48122 -0.095131 -0.187712 -0.759105 6.20113 -0.147986 0 0 0 6.95262e-310 6.93904e-310 3.51281e-321 
0.52 0.994675 0.0391308 0.0529902 0.0792659 19.8003 8.25274 5.99803 -0.0808565 0.200006 0.29639 -1.48214 -0.0951953 -0.180534 -0.766409 6.19953 -0.197259 0 0 0 6.95262e-310 6.93904e-310 3.51281e-321 
0.525 0.994597 0.0389285 0.0534417 0.0800333 19.7964 8.28374 5.99692 -0.0815607 0.199432 0.296456 -1.48332 -0.0950529 -0.170946 -0.773712 6.19792 -0.246484 0 0 0 6.95262e-310 6.93904e-310 3.51281e-321 
0.53 0.994519 0.0387246 0.0538916 0.0808008 19.7926 8.31472 5.99556 -0.0822628 0.198854 0.296522 -1.48477 -0.0947059 -0.15895 -0.781013 6.19629 -0.295647 0 0 0 6.95262e-310 6.93904e-310 3.51281e-321 
0.535 0.99444 0.038519 0.0543399 0.0815684 19.7886 8.3457 5.99396 -0.0829628 0.19827 0.296589 -1.48649 -0.0941566 -0.14455 -0.788311 6.19465 -0.344737 0 0 0 6.95262e-310 6.93904e-310 3.51281e-321 
0.54 0.99436 0.0383118 0.0547865 0.0823362 19.7847 8.37667 5.99211 -0.0836608 0.197682 0.296656 -1.48848 -0.0934072 -0.127751 -0.795608 6.19299 -0.393743 0 0 0 6.95262e-310 6.93904e-310 3.51281e-321 
0.545 0.994279 0.038103 0.0552314 0.0831041 19.7807 8.40763 5.99002 -0.0843566 0.197088 0.296723 -1.49076 -0.0924601 -0.108558 -0.802903 6.19131 -0.442651 0 0 0 6.95262e-310 6.93904e-310 3.51281e-321 
0.55 0.994198 0.0378925 0.0556747 0.0838722 19.7766 8.43858 5.98769 -0.0850503 0.19649 0.296791 -1.49333 -0.0913178 -0.0869757 -0.810196 6.18962 -0.49145 0 0 0 6.95262e-310 6.93904e-310 3.51281e-321 
0.555 0.994116 0.0376804 0.0561163 0.0846404 19.7726 8.46952 5.98511 -0.0857419 0.195887 0.296859 -1.49618 -0.0899827 -0.0630108 -0.817487 6.18792 -0.540128 0 0 0 6.95262e-310 6.93904e-310 3.51281e-321 
0.56 0.994034 0.0374667 0.0565561 0.0854087 19.7685 8.50046 5.98229 -0.0864312 0.195279 0.296928 -1.49934 -0.0884577 -0.03667 -0.824776 6.1862 -0.588672 0 0 0 6.95262e-310 6.93904e-310 3.51281e-321 
0.565 0.99395 0.0372514 0.0569943 0.0861772 19.7643 8.53139 5.97922 -0.0871184 0.194666 0.296997 -1.5028 -0.0867452 -0.00796038 -0.832063 6.18447 -0.637072 0 0 0 6.95262e-310 6.93904e-310 3.51281e-321 
0.57 0.993866 0.0370345 0.0574307 0.0869458 19.7601 8.5623 5.97592 -0.0878035 0.194048 0.297066 -1.50657 -0.084848 0.0231101 -0.839348 6.18272 -0.685314 0 0 0 6.95262e-310 6.93904e-310 3.51281e-321 
0.575 0.993782 0.036816 0.0578654 0.0877145 19.7559 8.59321 5.97237 -0.0884862 0.193425 0.297135 -1.51066 -0.082769 0.0565329 -0.846631 6.18095 -0.733387 0 0 0 6.95262e-310 6.93904e-310 3.51281e-321 
0.58 0.993696 0.036596 0.0582983 0.0884834 19.7517 8.62411 5.96858 -0.0891668 0.192798 0.297205 -1.51506 -0.0805111 0.0922991 -0.853912 6.17917 -0.781279 0 0 0 6.95262e-310 6.93904e-310 3.51281e-321 
0.585 0.99361 0.0363743 0.0587295 0.0892525 19.7474 8.655 5.96456 -0.0898451 0.192165 0.297275 -1.51979 -0.0780771 0.130399 -0.86119 6.17737 -0.828978 0 0 0 6.95262e-310 6.93904e-310 3.51281e-321 
0.59 0.993524 0.0361512 0.0591588 0.0900216 19.7431 8.68589 5.96029 -0.0905212 0.191528 0.297346 -1.52484 -0.0754702 0.170822 -0.868467 6.17556 -0.876473 0 0 0 6.95262e-310 6.93904e-310 3.51281e-321 
0.595 0.993436 0.0359264 0.0595864 0.090791 19.7387 8.71676 5.95579 -0.0911949 0.190886 0.297416 -1.53022 -0.0726934 0.213558 -0.875741 6.17373 -0.923751 0 0 0 6.95262e-310 6.93904e-310 3.51281e-321 
0.6 0.993348 0.0357001 0.0600122 0.0915604 19.7343 8.74762 5.95106 -0.0918664 0.19024 0.297487 -1.53594 -0.0697498 0.258596 -0.883013 6.17189 -0.970802 0 0 0 6.95262e-310 6.93904e-310 3.51281e-321 
0.605 0.993259 0.0354723 0.0604361 0.09233 19.7299 8.77848 5.94609 -0.0925355 0.189588 0.297559 -1.54201 -0.0666427 0.305923 -0.890283 6.17004 -1.01761 0 0 0 6.95262e-310 6.93904e-310 3.51281e-321 
0.61 0.99317 0.035243 0.0608582 0.0930998 19.7254 8.80932 5.94088 -0.0932023 0.188932 0.29763 -1.54841 -0.0633754 0.355527 -0.897551 6.16816 -1.06417 0 0 0 6.95262e-310 6.93904e-310 3.51281e-321 
0.615 0.99308 0.0350121 0.0612785 0.0938697 19.7209 8.84016 5.93544 -0.0938668 0.188271 0.297702 -1.55516 -0.0599511 0.407395 -0.904816 6.16628 -1.11047 0 0 0 6.95262e-310 6.93904e-310 3.51281e-321 
0.62 0.992989 0.0347797 0.0616969 0.0946397 19.7164 8.87099 5.92978 -0.0945289 0.187605 0.297774 -1.56227 -0.0563732 0.461513 -0.91208 6.16437 -1.15649 0 0 0 6.95262e-310 6.93904e-310 3.51281e-321 
0.625 0.992898 0.0345459 0.0621134 0.0954099 19.7118 8.9018 5.92388 -0.0951886 0.186935 0.297847 -1.56972 -0.0526452 0.517867 -0.919341 6.16246 -1.20223 0 0 0 6.95262e-310 6.93904e-310 3.51281e-321 
0.63 0.992805 0.0343105 0.0625281 0.0961802 19.7072 8.93261 5.91776 -0.0958459 0.18626 0.297919 -1.57754 -0.0487706 0.576443 -0.9266 6.16052 -1.24767 0 0 0 6.95262e-310 6.93904e-310 3.51281e-321 
0.635 0.992712 0.0340737 0.0629408 0.0969507 19.7025 8.96341 5.9114 -0.0965008 0.18558 0.297992 -1.58572 -0.0447529 0.637225 -0.933856 6.15857 -1.29281 0 0 0 6.95262e-310 6.93904e-310 3.51281e-321 
0.64 0.992619 0.0338353 0.0633517 0.0977213 19.6978 8.9942 5.90483 -0.0971532 0.184896 0.298065 -1.59426 -0.0405957 0.700198 -0.941111 6.15661 -1.33762 0 0 0 6.95262e-310 6.93904e-310 3.51281e-321 
0.645 0.992525 0.0335955 0.0637606 0.0984921 19.6931 9.02498 5.89803 -0.0978032 0.184207 0.298138 -1.60316 -0.0363026 0.765344 -0.948362 6.15463 -1.38211 0 0 0 6.95262e-310 6.93904e-310 3.51281e-321 
0.65 0.99243 0.0333543 0.0641676 0.099263 19.6883 9.05574 5.89101 -0.0984508 0.183513 0.298212 -1.61244 -0.0318774 0.832648 -0.955612 6.15264 -1.42625 0 0 0 6.95262e-310 6.93904e-310 3.51281e-321 
0.655 0.992334 0.0331116 0.0645726 0.100034 19.6835 9.0865 5.88377 -0.0990959 0.182815 0.298285 -1.62209 -0.0273238 0.902092 -0.962859 6.15063 -1.47004 0 0 0 6.95262e-310 6.93904e-310 3.51281e-321 
0.66 0.992238 0.0328675 0.0649757 0.100805 19.6787 9.11725 5.87631 -0.0997384 0.182112 0.298359 -1.63211 -0.0226456 0.973657 -0.970104 6.14861 -1.51347 0 0 0 6.95262e-310 6.93904e-310 3.51281e-321 
0.665 0.992141 0.0326219 0.0653768 0.101577 19.6738 9.14799 5.86863 -0.100378 0.181405 0.298433 -1.64251 -0.0178465 1.04733 -0.977347 6.14657 -1.55653 0 0 0 6.95262e-310 6.93904e-310 3.51281e-321 
0.67 0.992043 0.032375 0.0657759 0.102348 19.6689 9.17872 5.86074 -0.101016 0.180693 0.298507 -1.65329 -0.0129304 1.12308 -0.984587 6.14451 -1.5992 0 0 0 6.95262e-310 6.93904e-310 3.51281e-321 
0.675 0.991945 0.0321266 0.066173 0.10312 19.664 9.20943 5.85264 -0.101651 0.179976 0.298582 -1.66445 -0.00790136 1.2009 -0.991824 6.14244 -1.64147 0 0 0 6.95262e-310 6.93904e-310 3.51281e-321 
0.68 0.991846 0.0318768 0.0665682 0.103891 19.659 9.24014 5.84433 -0.102283 0.179256 0.298656 -1.67599 -0.00276315 1.28076 -0.999059 6.14036 -1.68335 0 0 0 6.95262e-310 6.93904e-310 3.51281e-321 
0.685 0.991747 0.0316256 0.0669613 0.104663 19.654 9.27084 5.83581 -0.102913 0.17853 0.298731 -1.68791 0.0024802 1.36265 -1.00629 6.13826 -1.7248 0 0 0 6.95262e-310 6.93904e-310 3.51281e-321 
0.69 0.991646 0.0313731 0.0673523 0.105435 19.649 9.30152 5.82708 -0.103541 0.1778 0.298806 -1.70022 0.00782468 1.44654 -1.01352 6.13614 -1.76583 0 0 0 6.95262e-310 6.93904e-310 3.51281e-321 
0.695 0.991546 0.0311192 0.0677414 0.106208 19.6439 9.3322 5.81815 -0.104165 0.177066 0.298881 -1.71291 0.0132663 1.53241 -1.02075 6.13401 -1.80643 0 0 0 6.95262e-310 6.93904e-310 3.51281e-321 
0.7 0.991444 0.0308639 0.0681284 0.10698 19.6388 9.36286 5.80902 -0.104787 0.176327 0.298956 -1.72599 0.0188009 1.62025 -1.02798 6.13187 -1.84658 0 0 0 6.95262e-310 6.93904e-310 3.51281e-321 
0.705 0.991342 0.0306072 0.0685133 0.107753 19.6336 9.39352 5.79969 -0.105407 0.175584 0.299031 -1.73945 0.0244245 1.71002 -1.0352 6.12971 -1.88627 0 0 0 6.95262e-310 6.93904e-310 3.51281e-321 
0.71 0.991239 0.0303492 0.0688961 0.108525 19.6284 9.42416 5.79016 -0.106023 0.174836 0.299107 -1.75331 0.0301328 1.80171 -1.04242 6.12753 -1.9255 0 0 0 6.95262e-310 6.93904e-310 3.51281e-321 
0.714999 0.991135 0.0300899 0.0692769 0.109298 19.6232 9.45479 5.78043 -0.106637 0.174084 0.299182 -1.76755 0.0359219 1.89528 -1.04964 6.12534 -1.96425 0 0 0 6.95262e-310 6.93904e-310 3.51281e-321 
0.719999 0.991031 0.0298293 0.0696555 0.110071 19.6179 9.48541 5.77051 -0.107249 0.173328 0.299258 -1.78218 0.0417874 1.99073 -1.05685 6.12313 -2.00252 0 0 0 6.95262e-310 6.93904e-310 3.51281e-321 
0.724999 0.990926 0.0295673 0.0700321 0.110844 19.6126 9.51602 5.76041 -0.107857 0.172567 0.299334 -1.7972 0.0477253 2.08802 -1.06406 6.12091 -2.0403 0 0 0 6.95262e-310 6.93904e-310 3.51281e-321 
0.729999 0.990821 0.0293041 0.0704065 0.111617 19.6073 9.54662 5.75011 -0.108463 0.171802 0.29941 -1.81261 0.0537313 2.18713 -1.07127 6.11868 -2.07757 0 0 0 6.95262e-310 6.93904e-310 3.51281e-321 
0.734999 0.990715 0.0290395 0.0707788 0.112391 19.6019 9.57721 5.73963 -0.109067 0.171033 0.299486 -1.8284 0.0598012 2.28803 -1.07848 6.11642 -2.11433 0 0 0 6.95262e-310 6.93904e-310 3.51281e-321 
0.739999 0.990608 0.0287737 0.071149 0.113164 19.5965 9.60779 5.72897 -0.109667 0.170259 0.299562 -1.84459 0.0659307 2.3907 -1.08568 6.11416 -2.15056 0 0 0 6.95262e-310 6.93904e-310 3.51281e-321 
0.744999 0.9905 0.0285066 0.071517 0.113938 19.591 9.63835 5.71813 -0.110265 0.169482 0.299638 -1.86116 0.0721156 2.49511 -1.09289 6.11188 -2.18627 0 0 0 6.95262e-310 6.93904e-310 3.51281e-321 
0.749999 0.990392 0.0282382 0.0718828 0.114712 19.5855 9.6689 5.70711 -0.11086 0.168699 0.299714 -1.87811 0.0783517 2.60123 -1.10008 6.10958 -2.22144 0 0 0 6.95262e-310 6.93904e-310 3.51281e-321 
0.754999 0.990283 0.0279686 0.0722464 0.115486 19.58 9.69945 5.69591 -0.111452 0.167913 0.29979 -1.89546 0.0846346 2.70905 -1.10728 6.10727 -2.25606 0 0 0 6.95262e-310 6.93904e-310 3.51281e-321 
0.759999 0.990174 0.0276977 0.0726079 0.11626 19.5745 9.72998 5.68455 -0.112041 0.167122 0.299866 -1.91318 0.0909601 2.81852 -1.11447 6.10494 -2.29012 0 0 0 6.95262e-310 6.93904e-310 3.51281e-321 
0.764999 0.990064 0.0274256 0.0729672 0.117034 19.5689 9.7605 5.67301 -0.112628 0.166328 0.299943 -1.93129 0.0973239 2.92963 -1.12167 6.1026 -2.32362 0 0 0 6.95262e-310 6.93904e-310 3.51281e-321 
0.769999 0.989953 0.0271522 0.0733242 0.117809 19.5633 9.791 5.66131 -0.113212 0.165529 0.300019 -1.94978 0.103722 3.04235 -1.12885 6.10024 -2.35654 0 0 0 6.95262e-310 6.93904e-310 3.51281e-321 
0.774999 0.989842 0.0268777 0.0736791 0.118583 19.5576 9.8215 5.64945 -0.113793 0.164726 0.300095 -1.96865 0.110149 3.15664 -1.13604 6.09787 -2.38888 0 0 0 6.95262e-310 6.93904e-310 3.51281e-321 
0.779999 0.98973 0.0266019 0.0740317 0.119358 19.5519 9.85198 5.63743 -0.114371 0.163918 0.300172 -1.9879 0.116602 3.27248 -1.14322 6.09549 -2.42064 0 0 0 6.95262e-310 6.93904e-310 3.51281e-321 
0.784999 0.989617 0.026325 0.0743821 0.120133 19.5462 9.88245 5.62524 -0.114946 0.163107 0.300248 -2.00752 0.123076 3.38984 -1.1504 6.09308 -2.45179 0 0 0 6.95262e-310 6.93904e-310 3.51281e-321 
0.789999 0.989504 0.0260469 0.0747302 0.120908 19.5404 9.91291 5.61291 -0.115518 0.162292 0.300324 -2.02751 0.129567 3.50868 -1.15758 6.09067 -2.48234 0 0 0 6.95262e-310 6.93904e-310 3.51281e-321 
0.794999 0.98939 0.0257676 0.0750761 0.121683 19.5346 9.94336 5.60042 -0.116087 0.161472 0.300401 -2.04788 0.136071 3.62899 -1.16475 6.08823 -2.51228 0 0 0 6.95262e-310 6.93904e-310 3.51281e-321 
0.799999 0.989276 0.0254871 0.0754197 0.122458 19.5287 9.97379 5.58779 -0.116654 0.160649 0.300477 -2.06861 0.142582 3.75073 -1.17192 6.08579 -2.5416 0 0 0 6.95262e-310 6.93904e-310 3.51281e-321 
0.804999 0.98916 0.0252055 0.075761 0.123234 19.5229 10.0042 5.57501 -0.117217 0.159821 0.300553 -2.08971 0.149098 3.87386 -1.17909 6.08333 -2.57029 0 0 0 6.95262e-310 6.93904e-310 3.51281e-321 
0.809999 0.989045 0.0249228 0.0761 0.124009 19.517 10.0346 5.56208 -0.117778 0.15899 0.30063 -2.11117 0.155614 3.99836 -1.18626 6.08085 -2.59835 0 0 0 6.95262e-310 6.93904e-310 3.51281e-321 
0.814999 0.988928 0.0246389 0.0764367 0.124785 19.511 10.065 5.54902 -0.118336 0.158154 0.300706 -2.13299 0.162125 4.1242 -1.19342 6.07836 -2.62576 0 0 0 6.95262e-310 6.93904e-310 3.51281e-321 
0.819999 0.988811 0.0243539 0.0767711 0.125561 19.505 10.0954 5.53583 -0.11889 0.157314 0.300782 -2.15516 0.168628 4.25134 -1.20058 6.07585 -2.65253 0 0 0 6.95262e-310 6.93904e-310 3.51281e-321 
0.824999 0.988693 0.0240678 0.0771032 0.126337 19.499 10.1258 5.5225 -0.119442 0.156471 0.300858 -2.17769 0.175117 4.37976 -1.20773 6.07333 -2.67865 0 0 0 6.95262e-310 6.93904e-310 3.51281e-321 
0.829999 0.988575 0.0237806 0.077433 0.127113 19.4929 10.1561 5.50904 -0.119991 0.155623 0.300934 -2.20057 0.18159 4.50941 -1.21489 6.07079 -2.7041 0 0 0 6.95262e-310 6.93904e-310 3.51281e-321 
0.834999 0.988456 0.0234923 0.0777604 0.127889 19.4869 10.1865 5.49546 -0.120536 0.154772 0.30101 -2.22379 0.188041 4.64028 -1.22204 6.06824 -2.72888 0 0 0 6.95262e-310 6.93904e-310 3.51281e-321 
0.839999 0.988337 0.0232029 0.0780855 0.128666 19.4807 10.2168 5.48176 -0.121079 0.153917 0.301086 -2.24735 0.194467 4.77232 -1.22919 6.06567 -2.753 0 0 0 6.95262e-310 6.93904e-310 3.51281e-321 
0.844999 0.988216 0.0229125 0.0784082 0.129442 19.4746 10.2471 5.46793 -0.121618 0.153058 0.301162 -2.27125 0.200864 4.90549 -1.23633 6.06309 -2.77643 0 0 0 6.95262e-310 6.93904e-310 3.51281e-321 
0.849999 0.988096 0.022621 0.0787285 0.130219 19.4684 10.2775 5.45399 -0.122155 0.152195 0.301238 -2.29548 0.207226 5.03978 -1.24347 6.06049 -2.79918 0 0 0 6.95262e-310 6.93904e-310 3.51281e-321 
0.854999 0.987974 0.0223285 0.0790465 0.130996 19.4621 10.3078 5.43994 -0.122688 0.151328 0.301314 -2.32004 0.213551 5.17515 -1.25061 6.05788 -2.82123 0 0 0 6.95262e-310 6.93904e-310 3.51281e-321 
0.859999 0.987852 0.0220349 0.0793621 0.131773 19.4559 10.338 5.42578 -0.123219 0.150458 0.301389 -2.34492 0.219835 5.31155 -1.25775 6.05525 -2.8426 0 0 0 6.95262e-310 6.93904e-310 3.51281e-321 
0.864999 0.98773 0.0217403 0.0796752 0.13255 19.4495 10.3683 5.41152 -0.123746 0.149583 0.301465 -2.37012 0.226072 5.44896 -1.26488 6.05261 -2.86326 0 0 0 6.95262e-310 6.93904e-310 3.51281e-321 
0.869999 0.987606 0.0214448 0.079986 0.133327 19.4432 10.3986 5.39715 -0.12427 0.148705 0.30154 -2.39563 0.23226 5.58734 -1.27201 6.04996 -2.88321 0 0 0 6.95262e-310 6.93904e-310 3.51281e-321 
0.874999 0.987482 0.0211482 0.0802944 0.134105 19.4368 10.4288 5.38269 -0.124791 0.147823 0.301615 -2.42146 0.238395 5.72666 -1.27913 6.04729 -2.90245 0 0 0 6.95262e-310 6.93904e-310 3.51281e-321 
0.879999 0.987358 0.0208506 0.0806003 0.134882 19.4304 10.459 5.36813 -0.125309 0.146938 0.301691 -2.44758 0.244471 5.86689 -1.28625 6.0446 -2.92098 0 0 0 6.95262e-310 6.93904e-310 3.51281e-321 
0.884999 0.987233 0.020552 0.0809038 0.13566 19.424 10.4893 5.35348 -0.125824 0.146049 0.301766 -2.474 0.250487 6.00798 -1.29337 6.0419 -2.93878 0 0 0 6.95262e-310 6.93904e-310 3.51281e-321 
0.889999 0.987107 0.0202525 0.0812049 0.136438 19.4175 10.5195 5.33874 -0.126336 0.145156 0.30184 -2.50072 0.256437 6.1499 -1.30049 6.03918 -2.95586 0 0 0 6.95262e-310 6.93904e-310 3.51281e-321 
0.894999 0.986981 0.019952 0.0815035 0.137216 19.411 10.5496 5.32392 -0.126844 0.144259 0.301915 -2.52772 0.262318 6.29263 -1.3076 6.03645 -2.97221 0 0 0 6.95262e-310 6.93904e-310 3.51281e-321 
0.899999 0.986854 0.0196506 0.0817996 0.137994 19.4044 10.5798 5.30902 -0.127349 0.143359 0.301989 -2.555 0.268126 6.43611 -1.31471 6.0337 -2.98783 0 0 0 6.95262e-310 6.93904e-310 3.51281e-321 
0.904999 0.986726 0.0193483 0.0820933 0.138772 19.3978 10.61 5.29404 -0.127852 0.142455 0.302064 -2.58255 0.273857 6.58032 -1.32182 6.03094 -3.00271 0 0 0 6.95262e-310 6.93904e-310 3.51281e-321 
0.909999 0.986598 0.019045 0.0823845 0.13955 19.3912 10.6401 5.27899 -0.12835 0.141548 0.302138 -2.61037 0.279509 6.72522 -1.32892 6.02817 -3.01685 0 0 0 6.95262e-310 6.93904e-310 3.51281e-321 
0.914999 0.986469 0.0187408 0.0826732 0.140329 19.3845 10.6703 5.26388 -0.128846 0.140637 0.302212 -2.63846 0.285076 6.87077 -1.33602 6.02538 -3.03024 0 0 0 6.95262e-310 6.93904e-310 3.51281e-321 
0.919999 0.98634 0.0184357 0.0829595 0.141107 19.3778 10.7004 5.24869 -0.129339 0.139722 0.302286 -2.6668 0.290557 7.01694 -1.34312 6.02257 -3.04289 0 0 0 6.95262e-310 6.93904e-310 3.51281e-321 
0.924999 0.98621 0.0181298 0.0832432 0.141886 19.3711 10.7305 5.23345 -0.129828 0.138804 0.302359 -2.69539 0.295946 7.16369 -1.35021 6.01975 -3.05479 0 0 0 6.95262e-310 6.93904e-310 3.51281e-321 
0.929999 0.986079 0.0178229 0.0835244 0.142665 19.3643 10.7606 5.21815 -0.130314 0.137883 0.302432 -2.72422 0.301241 7.31099 -1.3573 6.01691 -3.06593 0 0 0 6.95262e-310 6.93904e-310 3.51281e-321 
0.934999 0.985948 0.0175152 0.0838031 0.143444 19.3575 10.7907 5.20279 -0.130796 0.136958 0.302506 -2.75328 0.306438 7.45879 -1.36439 6.01406 -3.07632 0 0 0 6.95262e-310 6.93904e-310 3.51281e-321 
0.939999 0.985817 0.0172067 0.0840793 0.144223 19.3507 10.8207 5.18738 -0.131276 0.13603 0.302578 -2.78257 0.311534 7.60707 -1.37147 6.0112 -3.08595 0 0 0 6.95262e-310 6.93904e-310 3.51281e-321 
0.944999 0.985684 0.0168973 0.0843529 0.145002 19.3438 10.8508 5.17193 -0.131752 0.135098 0.302651 -2.81209 0.316526 7.75578 -1.37855 6.00832 -3.09481 0 0 0 6.95262e-310 6.93904e-310 3.51281e-321 
0.949999 0.985551 0.016587 0.084624 0.145782 19.3369 10.8808 5.15644 -0.132225 0.134163 0.302724 -2.84182 0.32141 7.90488 -1.38563 6.00543 -3.10291 0 0 0 6.95262e-310 6.93904e-310 3.51281e-321 
0.954999 0.985418 0.016276 0.0848925 0.146561 19.33 10.9108 5.1409 -0.132694 0.133224 0.302796 -2.87175 0.326183 8.05435 -1.3927 6.00252 -3.11025 0 0 0 6.95262e-310 6.93904e-310 3.51281e-321 
0.959999 0.985284 0.0159641 0.0851585 0.147341 19.323 10.9408 5.12534 -0.13316 0.132282 0.302868 -2.90188 0.330842 8.20414 -1.39977 5.99959 -3.11682 0 0 0 6.95262e-310 6.93904e-310 3.51281e-321 
0.964999 0.985149 0.0156515 0.0854219 0.14812 19.316 10.9708 5.10974 -0.133623 0.131337 0.302939 -2.93221 0.335384 8.35421 -1.40684 5.99665 -3.12262 0 0 0 6.95262e-310 6.93904e-310 3.51281e-321 
0.969999 0.985014 0.0153381 0.0856828 0.1489 19.3089 11.0008 5.09411 -0.134083 0.130388 0.303011 -2.96271 0.339806 8.50454 -1.4139 5.9937 -3.12765 0 0 0 6.95262e-310 6.93904e-310 3.51281e-321 
0.974999 0.984878 0.0150239 0.085941 0.14968 19.3018 11.0308 5.07846 -0.134539 0.129437 0.303082 -2.9934 0.344105 8.65507 -1.42096 5.99073 -3.13191 0 0 0 6.95262e-310 6.93904e-310 3.51281e-321 
0.979999 0.984741 0.0147089 0.0861967 0.15046 19.2947 11.0607 5.06279 -0.134992 0.128481 0.303153 -3.02425 0.348279 8.80578 -1.42802 5.98775 -3.13539 0 0 0 6.95262e-310 6.93904e-310 3.51281e-321 
0.984999 0.984604 0.0143932 0.0864498 0.15124 19.2875 11.0906 5.04711 -0.135441 0.127523 0.303223 -3.05526 0.352323 8.95663 -1.43507 5.98475 -3.1381 0 0 0 6.95262e-310 6.93904e-310 3.51281e-321 
0.989999 0.984467 0.0140768 0.0867003 0.152021 19.2803 11.1205 5.03141 -0.135887 0.126562 0.303294 -3.08642 0.356236 9.10757 -1.44212 5.98174 -3.14004 0 0 0 6.95262e-310 6.93904e-310 3.51281e-321 
0.994999 0.984328 0.0137596 0.0869481 0.152801 19.2731 11.1504 5.01571 -0.13633 0.125597 0.303363 -3.11772 0.360015 9.25858 -1.44917 5.97871 -3.14121 0 0 0 6.95262e-310 6.93904e-310 3.51281e-321 
0.999999 0.98419 0.0134417 0.0871934 0.153582 19.2658 11.1803 5 -0.136769 0.124629 0.303433 -3.14916 0.363657 9.40961 -1.45621 5.97566 -3.14159 0 0 0 6.95262e-310 6.93904e-310 3.51281e-321 
1.005 0.98405 0.0131232 0.087436 0.154362 19.2586 11.2102 4.98429 -0.137205 0.123658 0.303502 -3.18073 0.36716 9.56062 -1.46325 5.97261 -3.14121 0 0 0 6.95262e-310 6.93904e-310 3.51281e-321 
1.01 0.98391 0.0128039 0.087676 0.155143 19.2512 11.2401 4.96859 -0.137637 0.122684 0.303571 -3.21241 0.370521 9.71159 -1.47028 5.96954 -3.14004 0 0 0 6.95262e-310 6.93904e-310 3.51281e-321 
1.015 0.98377 0.012484 0.0879133 0.155924 19.2438 11.2699 4.9529 -0.138066 0.121707 0.30364 -3.24421 0.373738 9.86247 -1.47731 5.96645 -3.13811 0 0 0 6.95262e-310 6.93904e-310 3.51281e-321 
1.02 0.983629 0.0121634 0.088148 0.156705 19.2364 11.2997 4.93721 -0.138491 0.120726 0.303708 -3.2761 0.376808 10.0132 -1.48434 5.96335 -3.13539 0 0 0 6.95262e-310 6.93904e-310 3.51281e-321 
1.025 0.983487 0.0118421 0.0883801 0.157486 19.229 11.3295 4.92154 -0.138913 0.119743 0.303776 -3.30809 0.37973 10.1638 -1.49136 5.96023 -3.13191 0 0 0 6.95262e-310 6.93904e-310 3.51281e-321 
1.03 0.983345 0.0115202 0.0886095 0.158267 19.2215 11.3593 4.90589 -0.139332 0.118757 0.303844 -3.34015 0.382501 10.3142 -1.49838 5.9571 -3.12765 0 0 0 6.95262e-310 6.93904e-310 3.51281e-321 
1.035 0.983202 0.0111977 0.0888362 0.159048 19.214 11.3891 4.89027 -0.139747 0.117768 0.303911 -3.3723 0.385118 10.4644 -1.5054 5.95396 -3.12262 0 0 0 6.95262e-310 6.93904e-310 3.51281e-321 
1.04 0.983059 0.0108746 0.0890603 0.15983 19.2065 11.4189 4.87467 -0.140159 0.116775 0.303978 -3.40451 0.387581 10.6142 -1.51241 5.95079 -3.11682 0 0 0 6.95262e-310 6.93904e-310 3.51281e-321 
1.045 0.982915 0.0105508 0.0892817 0.160611 19.1989 11.4486 4.8591 -0.140567 0.11578 0.304045 -3.43677 0.389887 10.7638 -1.51942 5.94762 -3.11025 0 0 0 6.95262e-310 6.93904e-310 3.51281e-321 
1.05 0.98277 0.0102265 0.0895004 0.161393 19.1913 11.4783 4.84357 -0.140971 0.114782 0.304111 -3.46908 0.392033 10.913 -1.52642 5.94443 -3.10292 0 0 0 6.95262e-310 6.93904e-310 3.51281e-321 
1.055 0.982625 0.00990159 0.0897164 0.162175 19.1836 11.5081 4.82807 -0.141372 0.113781 0.304177 -3.50143 0.394019 11.0618 -1.53343 5.94123 -3.09481 0 0 0 6.95262e-310 6.93904e-310 3.51281e-321 
1.06 0.98248 0.00957611 0.0899297 0.162956 19.1759 11.5378 4.81262 -0.14177 0.112777 0.304242 -3.53381 0.395843 11.2103 -1.54042 5.93801 -3.08595 0 0 0 6.95262e-310 6.93904e-310 3.51281e-321 
1.065 0.982333 0.00925008 0.0901403 0.163738 19.1682 11.5674 4.79722 -0.142163 0.11177 0.304307 -3.56621 0.397503 11.3582 -1.54742 5.93477 -3.07632 0 0 0 6.95262e-310 6.93904e-310 3.51281e-321 
1.07 0.982187 0.0089235 0.0903482 0.16452 19.1605 11.5971 4.78186 -0.142554 0.110761 0.304372 -3.59862 0.398997 11.5057 -1.55441 5.93153 -3.06593 0 0 0 6.95262e-310 6.93904e-310 3.51281e-321 
1.075 0.982039 0.00859639 0.0905534 0.165302 19.1527 11.6268 4.76656 -0.142941 0.109748 0.304436 -3.63103 0.400324 11.6526 -1.56139 5.92826 -3.05479 0 0 0 6.95262e-310 6.93904e-310 3.51281e-321 
1.08 0.981891 0.00826877 0.0907559 0.166085 19.1449 11.6564 4.75131 -0.143324 0.108733 0.3045 -3.66343 0.401482 11.799 -1.56837 5.92498 -3.0429 0 0 0 6.95262e-310 6.93904e-310 3.51281e-321 
1.085 0.981743 0.00794064 0.0909556 0.166867 19.137 11.686 4.73613 -0.143703 0.107715 0.304563 -3.69581 0.402471 11.9447 -1.57535 5.92169 -3.03025 0 0 0 6.95262e-310 6.93904e-310 3.51281e-321 
1.09 0.981594 0.00761201 0.0911526 0.167649 19.1291 11.7156 4.72101 -0.14408 0.106695 0.304626 -3.72816 0.403289 12.0898 -1.58233 5.91839 -3.01685 0 0 0 6.95262e-310 6.93904e-310 3.51281e-321 
1.095 0.981445 0.00728291 0.0913469 0.168432 19.1212 11.7452 4.70596 -0.144452 0.105672 0.304688 -3.76048 0.403935 12.2343 -1.5893 5.91506 -3.00271 0 0 0 6.95262e-310 6.93904e-310 3.51281e-321 
1.1 0.981294 0.00695333 0.0915384 0.169214 19.1132 11.7748 4.69099 -0.144821 0.104646 0.30475 -3.79275 0.404407 12.378 -1.59626 5.91173 -2.98783 0 0 0 6.95262e-310 6.93904e-310 3.51281e-321 
1.105 0.981144 0.00662329 0.0917272 0.169997 19.1052 11.8043 4.67608 -0.145186 0.103617 0.304812 -3.82497 0.404705 12.521 -1.60323 5.90838 -2.97222 0 0 0 6.95262e-310 6.93904e-310 3.51281e-321 
1.11 0.980993 0.00629282 0.0919132 0.17078 19.0972 11.8338 4.66126 -0.145548 0.102586 0.304873 -3.85712 0.404828 12.6632 -1.61019 5.90501 -2.95587 0 0 0 6.95262e-310 6.93904e-310 3.51281e-321 
1.115 0.980841 0.00596191 0.0920965 0.171562 19.0891 11.8634 4.64653 -0.145906 0.101552 0.304934 -3.88919 0.404776 12.8045 -1.61714 5.90163 -2.93879 0 0 0 6.95262e-310 6.93904e-310 3.51281e-321 
1.12 0.980689 0.00563057 0.092277 0.172345 19.081 11.8929 4.63188 -0.14626 0.100516 0.304994 -3.92118 0.404546 12.9451 -1.62409 5.89824 -2.92098 0 0 0 6.95262e-310 6.93904e-310 3.51281e-321 
1.125 0.980536 0.00529883 0.0924548 0.173128 19.0729 11.9223 4.61732 -0.146611 0.0994771 0.305054 -3.95308 0.404139 13.0847 -1.63104 5.89483 -2.90246 0 0 0 6.95262e-310 6.93904e-310 3.51281e-321 
1.13 0.980383 0.0049667 0.0926297 0.173911 19.0647 11.9518 4.60285 -0.146958 0.0984357 0.305113 -3.98487 0.403555 13.2234 -1.63798 5.89141 -2.88321 0 0 0 6.95262e-310 6.93904e-310 3.51281e-321 
1.135 0.980229 0.00463418 0.0928019 0.174694 19.0565 11.9813 4.58849 -0.147301 0.0973919 0.305172 -4.01655 0.402792 13.3612 -1.64492 5.88797 -2.86326 0 0 0 6.95262e-310 6.93904e-310 3.51281e-321 
1.14 0.980074 0.0043013 0.0929713 0.175478 19.0482 12.0107 4.57422 -0.147641 0.0963456 0.30523 -4.04811 0.40185 13.498 -1.65185 5.88452 -2.8426 0 0 0 6.95262e-310 6.93904e-310 3.51281e-321 
1.145 0.979919 0.00396805 0.0931379 0.176261 19.04 12.0401 4.56006 -0.147977 0.0952969 0.305288 -4.07953 0.400729 13.6337 -1.65878 5.88105 -2.82124 0 0 0 6.95262e-310 6.93904e-310 3.51281e-321 
1.15 0.979764 0.00363446 0.0933018 0.177044 19.0317 12.0695 4.54601 -0.148309 0.0942458 0.305345 -4.11081 0.399429 13.7684 -1.66571 5.87757 -2.79918 0 0 0 6.95262e-310 6.93904e-310 3.51281e-321 
1.155 0.979608 0.00330053 0.0934628 0.177828 19.0233 12.0989 4.53207 -0.148638 0.0931923 0.305402 -4.14194 0.39795 13.9021 -1.67263 5.87407 -2.77644 0 0 0 6.95262e-310 6.93904e-310 3.51281e-321 
1.16 0.979451 0.00296629 0.093621 0.178611 19.0149 12.1282 4.51825 -0.148962 0.0921364 0.305458 -4.17291 0.396291 14.0345 -1.67955 5.87056 -2.753 0 0 0 6.95262e-310 6.93904e-310 3.51281e-321 
1.165 0.979294 0.00263173 0.0937765 0.179395 19.0065 12.1576 4.50454 -0.149284 0.0910783 0.305514 -4.20371 0.394453 14.1659 -1.68646 5.86704 -2.72889 0 0 0 6.95262e-310 6.93904e-310 3.51281e-321 
1.17 0.979136 0.00229689 0.0939291 0.180178 18.9981 12.1869 4.49096 -0.149601 0.0900178 0.305569 -4.23433 0.392435 14.296 -1.69337 5.8635 -2.70411 0 0 0 6.95262e-310 6.93904e-310 3.51281e-321 
1.175 0.978978 0.00196175 0.0940789 0.180962 18.9896 12.2162 4.4775 -0.149915 0.0889551 0.305624 -4.26476 0.390238 14.425 -1.70028 5.85994 -2.67865 0 0 0 6.95262e-310 6.93904e-310 3.51281e-321 
1.18 0.978819 0.00162635 0.0942258 0.181746 18.9811 12.2455 4.46418 -0.150225 0.0878901 0.305678 -4.29499 0.387863 14.5526 -1.70718 5.85638 -2.65254 0 0 0 6.95262e-310 6.93904e-310 3.51281e-321 
1.185 0.97866 0.00129069 0.09437 0.182529 18.9725 12.2748 4.45098 -0.150531 0.0868229 0.305731 -4.32501 0.385309 14.679 -1.71408 5.85279 -2.62577 0 0 0 6.95262e-310 6.93904e-310 3.51281e-321 
1.19 0.9785 0.000954782 0.0945113 0.183313 18.9639 12.304 4.43792 -0.150833 0.0857535 0.305784 -4.35481 0.382576 14.8041 -1.72097 5.8492 -2.59836 0 0 0 6.95262e-310 6.93904e-310 3.51281e-321 
1.195 0.97834 0.000618642 0.0946498 0.184097 18.9553 12.3333 4.425 -0.151132 0.084682 0.305837 -4.38439 0.379667 14.9279 -1.72786 5.84558 -2.5703 0 0 0 6.95262e-310 6.93904e-310 3.51281e-321 
1.2 0.978179 0.000282282 0.0947855 0.184881 18.9466 12.3625 4.41222 -0.151427 0.0836083 0.305889 -4.41373 0.37658 15.0502 -1.73474 5.84196 -2.54161 0 0 0 6.95262e-310 6.93904e-310 3.51281e-321 
1.205 0.978018 -5.42855e-05 0.0949184 0.185665 18.938 12.3917 4.39958 -0.151718 0.0825325 0.30594 -4.44283 0.373317 15.1712 -1.74163 5.83832 -2.51229 0 0 0 6.95262e-310 6.93904e-310 3.51281e-321 
1.21 0.977856 -0.000391049 0.0950483 0.186449 18.9292 12.4209 4.3871 -0.152006 0.0814547 0.305991 -4.47167 0.369879 15.2907 -1.7485 5.83466 -2.48235 0 0 0 6.95262e-310 6.93904e-310 3.51281e-321 
1.215 0.977694 -0.000727995 0.0951755 0.187233 18.9205 12.45 4.37476 -0.152289 0.0803747 0.306041 -4.50025 0.366267 15.4088 -1.75537 5.83099 -2.4518 0 0 0 6.95262e-310 6.93904e-310 3.51281e-321 
1.22 0.977531 -0.00106511 0.0952998 0.188017 18.9117 12.4792 4.36258 -0.152569 0.0792928 0.306091 -4.52856 0.36248 15.5253 -1.76224 5.82731 -2.42064 0 0 0 6.95262e-310 6.93904e-310 3.51281e-321 
1.225 0.977367 -0.00140238 0.0954213 0.188801 18.9029 12.5083 4.35055 -0.152845 0.0782088 0.30614 -4.55659 0.358521 15.6404 -1.7691 5.82361 -2.38889 0 0 0 6.95262e-310 6.93904e-310 3.51281e-321 
1.23 0.977203 -0.0017398 0.0955399 0.189586 18.894 12.5374 4.33869 -0.153117 0.0771229 0.306188 -4.58432 0.354391 15.7539 -1.77596 5.8199 -2.35655 0 0 0 6.95262e-310 6.93904e-310 3.51281e-321 
1.235 0.977039 -0.00207735 0.0956556 0.19037 18.8851 12.5665 4.32699 -0.153385 0.076035 0.306236 -4.61176 0.35009 15.8658 -1.78282 5.81617 -2.32363 0 0 0 6.95262e-310 6.93904e-310 3.51281e-321 
1.24 0.976874 -0.00241502 0.0957685 0.191154 18.8762 12.5956 4.31545 -0.15365 0.0749452 0.306283 -4.63889 0.34562 15.9762 -1.78967 5.81243 -2.29013 0 0 0 6.95262e-310 6.93904e-310 3.51281e-321 
1.245 0.976708 -0.0027528 0.0958785 0.191939 18.8672 12.6246 4.30409 -0.153911 0.0738535 0.30633 -4.66571 0.340982 16.0848 -1.79651 5.80868 -2.25607 0 0 0 6.95262e-310 6.93904e-310 3.51281e-321 
1.25 0.976542 -0.00309067 0.0959857 0.192723 18.8582 12.6537 4.2929 -0.154168 0.07276 0.306376 -4.6922 0.336179 16.1919 -1.80335 5.80491 -2.22145 0 0 0 6.95262e-310 6.93904e-310 3.51281e-321 
1.255 0.976376 -0.00342862 0.0960899 0.193507 18.8492 12.6827 4.28188 -0.154421 0.0716646 0.306422 -4.71836 0.33121 16.2972 -1.81019 5.80112 -2.18628 0 0 0 6.95262e-310 6.93904e-310 3.51281e-321 
1.26 0.976209 -0.00376665 0.0961914 0.194292 18.8401 12.7117 4.27103 -0.15467 0.0705674 0.306466 -4.74418 0.326078 16.4009 -1.81702 5.79732 -2.15057 0 0 0 6.95262e-310 6.93904e-310 3.51281e-321 
1.265 0.976041 -0.00410473 0.0962899 0.195076 18.831 12.7407 4.26037 -0.154915 0.0694684 0.306511 -4.76964 0.320784 16.5028 -1.82385 5.79351 -2.11434 0 0 0 6.95262e-310 6.93904e-310 3.51281e-321 
1.27 0.975873 -0.00444285 0.0963856 0.195861 18.8219 12.7696 4.24989 -0.155157 0.0683677 0.306554 -4.79476 0.315331 16.6029 -1.83067 5.78968 -2.07758 0 0 0 6.95262e-310 6.93904e-310 3.51281e-321 
1.275 0.975705 -0.004781 0.0964784 0.196645 18.8127 12.7985 4.2396 -0.155394 0.0672652 0.306597 -4.8195 0.309719 16.7013 -1.83749 5.78584 -2.04031 0 0 0 6.95262e-310 6.93904e-310 3.51281e-321 
1.28 0.975536 -0.00511917 0.0965683 0.19743 18.8035 12.8275 4.22949 -0.155628 0.0661611 0.30664 -4.84387 0.303951 16.7978 -1.8443 5.78199 -2.00253 0 0 0 6.95262e-310 6.93904e-310 3.51281e-321 
1.285 0.975366 -0.00545735 0.0966553 0.198215 18.7942 12.8564 4.21957 -0.155858 0.0650552 0.306681 -4.86787 0.298028 16.8925 -1.85111 5.77812 -1.96427 0 0 0 6.95262e-310 6.93904e-310 3.51281e-321 
1.29 0.975196 -0.00579552 0.0967394 0.198999 18.785 12.8852 4.20985 -0.156084 0.0639478 0.306722 -4.89147 0.291954 16.9854 -1.85792 5.77423 -1.92551 0 0 0 6.95262e-310 6.93904e-310 3.51281e-321 
1.295 0.975025 -0.00613368 0.0968207 0.199784 18.7757 12.9141 4.20032 -0.156306 0.0628387 0.306763 -4.91468 0.285729 17.0764 -1.86472 5.77034 -1.88628 0 0 0 6.95262e-310 6.93904e-310 3.51281e-321 
1.3 0.974854 -0.0064718 0.096899 0.200568 18.7663 12.943 4.19098 -0.156524 0.061728 0.306802 -4.93748 0.279356 17.1655 -1.87151 5.76642 -1.84659 0 0 0 6.95262e-310 6.93904e-310 3.51281e-321 
1.305 0.974683 -0.00680987 0.0969745 0.201353 18.7569 12.9718 4.18185 -0.156738 0.0606158 0.306842 -4.95987 0.272837 17.2526 -1.87831 5.7625 -1.80644 0 0 0 6.95262e-310 6.93904e-310 3.51281e-321 
1.31 0.974511 -0.00714789 0.0970471 0.202138 18.7475 13.0006 4.17292 -0.156949 0.059502 0.30688 -4.98185 0.266174 17.3379 -1.88509 5.75856 -1.76585 0 0 0 6.95262e-310 6.93904e-310 3.51281e-321 
1.315 0.974338 -0.00748583 0.0971168 0.202922 18.7381 13.0294 4.16419 -0.157155 0.0583868 0.306918 -5.0034 0.25937 17.4211 -1.89187 5.7546 -1.72481 0 0 0 6.95262e-310 6.93904e-310 3.51281e-321 
1.32 0.974165 -0.0078237 0.0971836 0.203707 18.7286 13.0581 4.15567 -0.157358 0.05727 0.306955 -5.02451 0.252427 17.5024 -1.89865 5.75063 -1.68336 0 0 0 6.95262e-310 6.93904e-310 3.51281e-321 
1.325 0.973992 -0.00816147 0.0972475 0.204492 18.7191 13.0869 4.14736 -0.157556 0.0561519 0.306991 -5.04519 0.245348 17.5816 -1.90542 5.74665 -1.64149 0 0 0 6.95262e-310 6.93904e-310 3.51281e-321 
1.33 0.973817 -0.00849913 0.0973085 0.205276 18.7096 13.1156 4.13926 -0.157751 0.0550323 0.307027 -5.06542 0.238134 17.6589 -1.91219 5.74265 -1.59921 0 0 0 6.95262e-310 6.93904e-310 3.51281e-321 
1.335 0.973643 -0.00883667 0.0973666 0.206061 18.7 13.1443 4.13137 -0.157942 0.0539113 0.307062 -5.0852 0.23079 17.7341 -1.91895 5.73864 -1.55654 0 0 0 6.95262e-310 6.93904e-310 3.51281e-321 
1.34 0.973468 -0.00917407 0.0974218 0.206846 18.6904 13.173 4.12369 -0.158129 0.0527889 0.307097 -5.10453 0.223316 17.8072 -1.92571 5.73461 -1.51348 0 0 0 6.95262e-310 6.93904e-310 3.51281e-321 
1.345 0.973292 -0.00951133 0.097474 0.20763 18.6807 13.2016 4.11624 -0.158311 0.0516652 0.30713 -5.12338 0.215717 17.8783 -1.93247 5.73057 -1.47005 0 0 0 6.95262e-310 6.93904e-310 3.51281e-321 
1.35 0.973116 -0.00984844 0.0975234 0.208415 18.6711 13.2303 4.10899 -0.15849 0.0505402 0.307163 -5.14177 0.207994 17.9472 -1.93921 5.72652 -1.42626 0 0 0 6.95262e-310 6.93904e-310 3.51281e-321 
1.355 0.97294 -0.0101854 0.0975699 0.2092 18.6613 13.2589 4.10197 -0.158665 0.049414 0.307196 -5.15968 0.200151 18.0141 -1.94596 5.72245 -1.38212 0 0 0 6.95262e-310 6.93904e-310 3.51281e-321 
1.36 0.972763 -0.0105221 0.0976135 0.209984 18.6516 13.2875 4.09517 -0.158837 0.0482865 0.307227 -5.17711 0.192191 18.0788 -1.9527 5.71837 -1.33763 0 0 0 6.95262e-310 6.93904e-310 3.51281e-321 
1.365 0.972585 -0.0108587 0.0976542 0.210769 18.6418 13.3161 4.0886 -0.159004 0.0471577 0.307258 -5.19405 0.184115 18.1414 -1.95943 5.71427 -1.29282 0 0 0 6.95262e-310 6.93904e-310 3.51281e-321 
1.37 0.972407 -0.011195 0.0976919 0.211554 18.632 13.3446 4.08225 -0.159167 0.0460278 0.307288 -5.21049 0.175928 18.2018 -1.96616 5.71016 -1.24769 0 0 0 6.95262e-310 6.93904e-310 3.51281e-321 
1.375 0.972229 -0.0115311 0.0977268 0.212338 18.6221 13.3732 4.07612 -0.159326 0.0448967 0.307318 -5.22644 0.167633 18.26 -1.97289 5.70603 -1.20224 0 0 0 6.95262e-310 6.93904e-310 3.51281e-321 
1.38 0.97205 -0.011867 0.0977588 0.213123 18.6123 13.4017 4.07022 -0.159481 0.0437645 0.307347 -5.24188 0.159232 18.316 -1.97961 5.70189 -1.15651 0 0 0 6.95262e-310 6.93904e-310 3.51281e-321 
1.385 0.97187 -0.0122026 0.0977878 0.213907 18.6024 13.4302 4.06456 -0.159633 0.0426312 0.307375 -5.25681 0.150728 18.3699 -1.98632 5.69774 -1.11048 0 0 0 6.95262e-310 6.93904e-310 3.51281e-321 
1.39 0.971691 -0.012538 0.0978139 0.214692 18.5924 13.4587 4.05912 -0.15978 0.0414967 0.307402 -5.27123 0.142125 18.4215 -1.99303 5.69357 -1.06419 0 0 0 6.95262e-310 6.93904e-310 3.51281e-321 
1.395 0.97151 -0.0128731 0.0978372 0.215476 18.5824 13.4871 4.05392 -0.159923 0.0403613 0.307429 -5.28513 0.133426 18.4709 -1.99974 5.68939 -1.01763 0 0 0 6.95262e-310 6.93904e-310 3.51281e-321 
1.4 0.971329 -0.0132079 0.0978575 0.216261 18.5724 13.5156 4.04894 -0.160062 0.0392248 0.307455 -5.29851 0.124634 18.5181 -2.00644 5.6852 -0.970815 0 0 0 6.95262e-310 6.93904e-310 3.51281e-321 
1.405 0.971148 -0.0135425 0.0978749 0.217045 18.5624 13.544 4.04421 -0.160198 0.0380874 0.30748 -5.31136 0.115753 18.5629 -2.01313 5.68099 -0.923765 0 0 0 6.95262e-310 6.93904e-310 3.51281e-321 
1.41 0.970966 -0.0138767 0.0978894 0.21783 18.5523 13.5724 4.03971 -0.160329 0.0369489 0.307505 -5.32368 0.106786 18.6056 -2.01982 5.67676 -0.876487 0 0 0 6.95262e-310 6.93904e-310 3.51281e-321 
1.415 0.970784 -0.0142106 0.097901 0.218614 18.5422 13.6008 4.03544 -0.160457 0.0358096 0.307529 -5.33546 0.0977351 18.6459 -2.02651 5.67253 -0.828992 0 0 0 6.95262e-310 6.93904e-310 3.51281e-321 
1.42 0.970601 -0.0145441 0.0979097 0.219398 18.532 13.6291 4.03142 -0.16058 0.0346693 0.307552 -5.3467 0.0886052 18.684 -2.03319 5.66828 -0.781293 0 0 0 6.95262e-310 6.93904e-310 3.51281e-321 
1.425 0.970418 -0.0148773 0.0979154 0.220183 18.5218 13.6574 4.02763 -0.160699 0.0335282 0.307574 -5.3574 0.0793994 18.7198 -2.03986 5.66401 -0.733401 0 0 0 6.95262e-310 6.93904e-310 3.51281e-321 
1.43 0.970234 -0.0152102 0.0979183 0.220967 18.5116 13.6858 4.02408 -0.160815 0.0323862 0.307596 -5.36756 0.070121 18.7533 -2.04653 5.65973 -0.685328 0 0 0 6.95262e-310 6.93904e-310 3.51281e-321 
1.435 0.97005 -0.0155426 0.0979183 0.221751 18.5014 13.714 4.02078 -0.160926 0.0312434 0.307617 -5.37716 0.0607736 18.7844 -2.0532 5.65544 -0.637086 0 0 0 6.95262e-310 6.93904e-310 3.51281e-321 
1.44 0.969865 -0.0158747 0.0979153 0.222535 18.4911 13.7423 4.01771 -0.161034 0.0300998 0.307637 -5.38621 0.0513607 18.8133 -2.05986 5.65113 -0.588686 0 0 0 6.95262e-310 6.93904e-310 3.51281e-321 
1.445 0.96968 -0.0162064 0.0979095 0.22332 18.4808 13.7706 4.01489 -0.161137 0.0289554 0.307656 -5.39471 0.0418858 18.8398 -2.06651 5.64681 -0.540142 0 0 0 6.95262e-310 6.93904e-310 3.51281e-321 
1.45 0.969494 -0.0165377 0.0979007 0.224104 18.4704 13.7988 4.01231 -0.161236 0.0278103 0.307675 -5.40264 0.0323527 18.864 -2.07316 5.64247 -0.491464 0 0 0 6.95262e-310 6.93904e-310 3.51281e-321 
1.455 0.969308 -0.0168686 0.0978891 0.224888 18.46 13.827 4.00998 -0.161332 0.0266645 0.307693 -5.41002 0.0227648 18.8859 -2.07981 5.63813 -0.442665 0 0 0 6.95262e-310 6.93904e-310 3.51281e-321 
1.46 0.969122 -0.017199 0.0978745 0.225672 18.4496 13.8552 4.00789 -0.161423 0.0255181 0.30771 -5.41683 0.0131258 18.9054 -2.08645 5.63376 -0.393757 0 0 0 6.95262e-310 6.93904e-310 3.51281e-321 
1.465 0.968935 -0.017529 0.097857 0.226455 18.4392 13.8833 4.00604 -0.16151 0.0243709 0.307726 -5.42308 0.00343947 18.9225 -2.09308 5.62939 -0.344751 0 0 0 6.95262e-310 6.93904e-310 3.51281e-321 
1.47 0.968747 -0.0178585 0.0978367 0.227239 18.4287 13.9115 4.00444 -0.161594 0.0232232 0.307742 -5.42876 -0.00629065 18.9374 -2.09971 5.625 -0.295661 0 0 0 6.95262e-310 6.93904e-310 3.51281e-321 
1.475 0.968559 -0.0181875 0.0978134 0.228023 18.4182 13.9396 4.00308 -0.161673 0.0220749 0.307757 -5.43387 -0.0160608 18.9498 -2.10634 5.62059 -0.246498 0 0 0 6.95262e-310 6.93904e-310 3.51281e-321 
1.48 0.968371 -0.0185161 0.0977872 0.228807 18.4076 13.9677 4.00197 -0.161748 0.020926 0.307771 -5.43841 -0.0258673 18.9599 -2.11295 5.61617 -0.197273 0 0 0 6.95262e-310 6.93904e-310 3.51281e-321 
1.485 0.968182 -0.0188441 0.0977582 0.22959 18.397 13.9957 4.00111 -0.161819 0.0197766 0.307785 -5.44238 -0.0357064 18.9676 -2.11957 5.61174 -0.148 0 0 0 6.95262e-310 6.93904e-310 3.51281e-321 
1.49 0.967993 -0.0191717 0.0977262 0.230374 18.3864 14.0238 4.00049 -0.161887 0.0186267 0.307797 -5.44578 -0.0455743 18.973 -2.12618 5.60729 -0.0986911 0 0 0 6.95262e-310 6.93904e-310 3.51281e-321 
1.495 0.967803 -0.0194987 0.0976914 0.231157 18.3758 14.0518 4.00012 -0.16195 0.0174764 0.307809 -5.4486 -0.0554673 18.976 -2.13278 5.60283 -0.0493573 0 0 0 6.95262e-310 6.93904e-310 3.51281e-321 
1.5 0.967613 -0.0198252 0.0976536 0.231941 18.3651 14.0798 4 -0.162009 0.0163255 0.30782 -5.45084 -0.0653817 18.9767 -2.13938 5.59836 -1.13535e-05 0 0 0 6.95262e-310 6.93904e-310 3.51281e-321 
1.505 0.967422 -0.0201512 0.097613 0.232724 18.3544 14.1078 4.00012 -0.162064 0.0151743 0.307831 -5.45251 -0.0753136 18.9749 -2.14597 5.59387 0.0493346 0 0 0 6.95262e-310 6.93904e-310 3.51281e-321 
1.51 0.967231 -0.0204765 0.0975694 0.233507 18.3436 14.1357 4.00049 -0.162115 0.0140227 0.307841 -5.4536 -0.0852593 18.9709 -2.15256 5.58937 0.0986684 0 0 0 6.95262e-310 6.93904e-310 3.51281e-321 
1.515 0.967039 -0.0208014 0.097523 0.234291 18.3329 14.1637 4.00111 -0.162162 0.0128707 0.307849 -5.45412 -0.095215 18.9644 -2.15914 5.58486 0.147978 0 0 0 6.95262e-310 6.93904e-310 3.51281e-321 
1.52 0.966847 -0.0211256 0.0974737 0.235074 18.322 14.1916 4.00197 -0.162205 0.0117185 0.307858 -5.45406 -0.105177 18.9556 -2.16572 5.58033 0.197251 0 0 0 6.95262e-310 6.93904e-310 3.51281e-321 
1.525 0.966654 -0.0214492 0.0974215 0.235857 18.3112 14.2195 4.00308 -0.162244 0.0105659 0.307865 -5.45342 -0.115141 18.9444 -2.17229 5.57578 0.246475 0 0 0 6.95262e-310 6.93904e-310 3.51281e-321 
1.53 0.966461 -0.0217722 0.0973665 0.23664 18.3003 14.2473 4.00444 -0.162279 0.00941301 0.307872 -5.45221 -0.125104 18.9309 -2.17886 5.57123 0.295638 0 0 0 6.95262e-310 6.93904e-310 3.51281e-321 
1.535 0.966268 -0.0220947 0.0973085 0.237422 18.2894 14.2752 4.00604 -0.16231 0.00825992 0.307877 -5.45042 -0.135062 18.915 -2.18542 5.56666 0.344729 0 0 0 6.95262e-310 6.93904e-310 3.51281e-321 
1.54 0.966074 -0.0224164 0.0972477 0.238205 18.2785 14.303 4.00788 -0.162337 0.00710662 0.307882 -5.44806 -0.145011 18.8968 -2.19197 5.56207 0.393734 0 0 0 6.95262e-310 6.93904e-310 3.51281e-321 
1.545 0.965879 -0.0227376 0.097184 0.238988 18.2675 14.3308 4.00998 -0.16236 0.00595314 0.307887 -5.44512 -0.154947 18.8762 -2.19852 5.55748 0.442643 0 0 0 6.95262e-310 6.93904e-310 3.51281e-321 
1.55 0.965685 -0.023058 0.0971175 0.23977 18.2565 14.3586 4.01231 -0.162379 0.00479951 0.30789 -5.44161 -0.164867 18.8533 -2.20507 5.55286 0.491442 0 0 0 6.95262e-310 6.93904e-310 3.51281e-321 
1.555 0.965489 -0.0233778 0.097048 0.240553 18.2454 14.3863 4.01489 -0.162394 0.00364576 0.307893 -5.43753 -0.174766 18.828 -2.2116 5.54824 0.54012 0 0 0 6.95262e-310 6.93904e-310 3.51281e-321 
1.56 0.965294 -0.023697 0.0969757 0.241335 18.2344 14.4141 4.01771 -0.162404 0.00249192 0.307895 -5.43287 -0.184642 18.8004 -2.21814 5.5436 0.588664 0 0 0 6.95262e-310 6.93904e-310 3.51281e-321 
1.565 0.965097 -0.0240154 0.0969006 0.242117 18.2233 14.4418 4.02078 -0.162411 0.00133801 0.307896 -5.42765 -0.19449 18.7705 -2.22467 5.53895 0.637063 0 0 0 6.95262e-310 6.93904e-310 3.51281e-321 
1.57 0.964901 -0.0243331 0.0968226 0.242899 18.2121 14.4695 4.02408 -0.162414 0.000184075 0.307897 -5.42186 -0.204306 18.7383 -2.23119 5.53428 0.685306 0 0 0 6.95262e-310 6.93904e-310 3.51281e-321 
1.575 0.964704 -0.0246501 0.0967417 0.243681 18.201 14.4971 4.02763 -0.162412 -0.00096987 0.307897 -5.41551 -0.214087 18.7038 -2.23771 5.5296 0.733379 0 0 0 6.95262e-310 6.93904e-310 3.51281e-321 
1.58 0.964506 -0.0249664 0.0966579 0.244463 18.1897 14.5248 4.03142 -0.162407 -0.00212379 0.307896 -5.4086 -0.22383 18.6669 -2.24422 5.52491 0.781271 0 0 0 6.95262e-310 6.93904e-310 3.51281e-321 
1.585 0.964308 -0.0252819 0.0965714 0.245245 18.1785 14.5524 4.03544 -0.162398 -0.00327766 0.307894 -5.40112 -0.23353 18.6278 -2.25072 5.5202 0.82897 0 0 0 6.95262e-310 6.93904e-310 3.51281e-321 
1.59 0.964109 -0.0255967 0.0964819 0.246026 18.1672 14.58 4.03971 -0.162384 -0.00443144 0.307891 -5.39309 -0.243183 18.5864 -2.25722 5.51548 0.876465 0 0 0 6.95262e-310 6.93904e-310 3.51281e-321 
1.595 0.963911 -0.0259107 0.0963896 0.246808 18.1559 14.6075 4.04421 -0.162366 -0.00558511 0.307888 -5.38451 -0.252787 18.5427 -2.26372 5.51075 0.923743 0 0 0 6.95262e-310 6.93904e-310 3.51281e-321 
1.6 0.963711 -0.026224 0.0962945 0.247589 18.1446 14.6351 4.04894 -0.162345 -0.00673864 0.307884 -5.37537 -0.262338 18.4968 -2.27021 5.506 0.970794 0 0 0 6.95262e-310 6.93904e-310 3.51281e-321 
1.605 0.963511 -0.0265364 0.0961966 0.24837 18.1332 14.6626 4.05391 -0.162319 -0.007892 0.307879 -5.36568 -0.271832 18.4486 -2.27669 5.50124 1.0176 0 0 0 6.95262e-310 6.93904e-310 3.51281e-321 
1.61 0.963311 -0.026848 0.0960958 0.249152 18.1218 14.6901 4.05912 -0.16229 -0.00904516 0.307874 -5.35545 -0.281265 18.3982 -2.28317 5.49646 1.06416 0 0 0 6.95262e-310 6.93904e-310 3.51281e-321 
1.615 0.96311 -0.0271589 0.0959922 0.249933 18.1104 14.7175 4.06455 -0.162256 -0.0101981 0.307867 -5.34468 -0.290634 18.3456 -2.28964 5.49167 1.11046 0 0 0 6.95262e-310 6.93904e-310 3.51281e-321 
1.62 0.962909 -0.0274689 0.0958857 0.250713 18.0989 14.745 4.07022 -0.162218 -0.0113508 0.30786 -5.33337 -0.299936 18.2907 -2.29611 5.48687 1.15649 0 0 0 6.95262e-310 6.93904e-310 3.51281e-321 
1.625 0.962708 -0.0277781 0.0957764 0.251494 18.0874 14.7724 4.07612 -0.162177 -0.0125032 0.307852 -5.32153 -0.309167 18.2337 -2.30257 5.48206 1.20222 0 0 0 6.95262e-310 6.93904e-310 3.51281e-321 
1.63 0.962506 -0.0280864 0.0956644 0.252275 18.0759 14.7998 4.08224 -0.162131 -0.0136552 0.307843 -5.30915 -0.318323 18.1744 -2.30903 5.47723 1.24767 0 0 0 6.95262e-310 6.93904e-310 3.51281e-321 
1.635 0.962303 -0.0283938 0.0955495 0.253055 18.0644 14.8272 4.0886 -0.162081 -0.014807 0.307834 -5.29625 -0.327402 18.113 -2.31548 5.47238 1.2928 0 0 0 6.95262e-310 6.93904e-310 3.51281e-321 
1.64 0.9621 -0.0287004 0.0954317 0.253835 18.0528 14.8545 4.09517 -0.162027 -0.0159583 0.307824 -5.28283 -0.3364 18.0495 -2.32192 5.46753 1.33761 0 0 0 6.95262e-310 6.93904e-310 3.51281e-321 
1.645 0.961897 -0.0290061 0.0953112 0.254615 18.0411 14.8819 4.10197 -0.161969 -0.0171093 0.307813 -5.2689 -0.345313 17.9838 -2.32836 5.46266 1.3821 0 0 0 6.95262e-310 6.93904e-310 3.51281e-321 
1.65 0.961693 -0.0293109 0.0951879 0.255395 18.0295 14.9092 4.10899 -0.161907 -0.0182598 0.307801 -5.25445 -0.354139 17.9159 -2.33479 5.45777 1.42624 0 0 0 6.95262e-310 6.93904e-310 3.51281e-321 
1.655 0.961489 -0.0296148 0.0950618 0.256175 18.0178 14.9364 4.11623 -0.161841 -0.0194098 0.307789 -5.23949 -0.362874 17.846 -2.34122 5.45288 1.47003 0 0 0 6.95262e-310 6.93904e-310 3.51281e-321 
1.66 0.961284 -0.0299178 0.0949329 0.256955 18.0061 14.9637 4.12369 -0.161771 -0.0205594 0.307776 -5.22403 -0.371515 17.774 -2.34764 5.44797 1.51346 0 0 0 6.95262e-310 6.93904e-310 3.51281e-321 
1.665 0.961079 -0.0302199 0.0948012 0.257734 17.9943 14.9909 4.13137 -0.161697 -0.0217084 0.307762 -5.20808 -0.380059 17.6999 -2.35406 5.44304 1.55652 0 0 0 6.95262e-310 6.93904e-310 3.51281e-321 
1.67 0.960873 -0.030521 0.0946667 0.258514 17.9825 15.0181 4.13926 -0.161619 -0.0228569 0.307747 -5.19163 -0.388502 17.6237 -2.36047 5.43811 1.59919 0 0 0 6.95262e-310 6.93904e-310 3.51281e-321 
1.675 0.960667 -0.0308211 0.0945294 0.259293 17.9707 15.0453 4.14736 -0.161537 -0.0240048 0.307731 -5.1747 -0.396842 17.5455 -2.36687 5.43316 1.64147 0 0 0 6.95262e-310 6.93904e-310 3.51281e-321 
1.68 0.960461 -0.0311203 0.0943894 0.260072 17.9589 15.0725 4.15567 -0.161451 -0.0251522 0.307715 -5.15729 -0.405076 17.4653 -2.37327 5.42819 1.68334 0 0 0 6.95262e-310 6.93904e-310 3.51281e-321 
1.685 0.960254 -0.0314185 0.0942466 0.260851 17.947 15.0996 4.16419 -0.161361 -0.0262988 0.307698 -5.13941 -0.413201 17.3831 -2.37966 5.42322 1.7248 0 0 0 6.95262e-310 6.93904e-310 3.51281e-321 
1.69 0.960046 -0.0317158 0.094101 0.261629 17.9351 15.1267 4.17292 -0.161267 -0.0274448 0.307681 -5.12105 -0.421213 17.299 -2.38604 5.41822 1.76583 0 0 0 6.95262e-310 6.93904e-310 3.51281e-321 
1.695 0.959839 -0.032012 0.0939527 0.262408 17.9231 15.1538 4.18185 -0.161169 -0.0285902 0.307662 -5.10224 -0.429111 17.2128 -2.39243 5.41322 1.80642 0 0 0 6.95262e-310 6.93904e-310 3.51281e-321 
1.7 0.95963 -0.0323072 0.0938016 0.263186 17.9111 15.1808 4.19098 -0.161067 -0.0297348 0.307643 -5.08297 -0.436891 17.1248 -2.3988 5.4082 1.84657 0 0 0 6.95262e-310 6.93904e-310 3.51281e-321 
1.705 0.959422 -0.0326014 0.0936477 0.263964 17.8991 15.2078 4.20031 -0.160961 -0.0308786 0.307623 -5.06325 -0.44455 17.0348 -2.40517 5.40317 1.88627 0 0 0 6.95262e-310 6.93904e-310 3.51281e-321 
1.71 0.959213 -0.0328945 0.0934911 0.264742 17.8871 15.2349 4.20984 -0.160851 -0.0320217 0.307602 -5.04309 -0.452087 16.9429 -2.41153 5.39813 1.92549 0 0 0 6.95262e-310 6.93904e-310 3.51281e-321 
1.715 0.959003 -0.0331867 0.0933318 0.26552 17.875 15.2618 4.21957 -0.160737 -0.0331639 0.307581 -5.02249 -0.459497 16.8492 -2.41789 5.39307 1.96425 0 0 0 6.95262e-310 6.93904e-310 3.51281e-321 
1.72 0.958793 -0.0334777 0.0931698 0.266298 17.8629 15.2888 4.22948 -0.160619 -0.0343053 0.307559 -5.00146 -0.466779 16.7536 -2.42424 5.388 2.00252 0 0 0 6.95262e-310 6.93904e-310 3.51281e-321 
1.725 0.958583 -0.0337677 0.093005 0.267075 17.8508 15.3157 4.23959 -0.160496 -0.0354459 0.307536 -4.98002 -0.473931 16.6561 -2.43058 5.38292 2.04029 0 0 0 6.95262e-310 6.93904e-310 3.51281e-321 
1.73 0.958372 -0.0340566 0.0928375 0.267852 17.8386 15.3426 4.24989 -0.16037 -0.0365855 0.307513 -4.95816 -0.480949 16.5569 -2.43692 5.37782 2.07756 0 0 0 6.95262e-310 6.93904e-310 3.51281e-321 
1.735 0.958161 -0.0343444 0.0926673 0.268629 17.8264 15.3695 4.26037 -0.16024 -0.0377243 0.307488 -4.93589 -0.487832 16.4559 -2.44325 5.37271 2.11432 0 0 0 6.95262e-310 6.93904e-310 3.51281e-321 
1.74 0.957949 -0.0346311 0.0924943 0.269406 17.8142 15.3963 4.27103 -0.160106 -0.038862 0.307463 -4.91322 -0.494577 16.3532 -2.44958 5.36758 2.15056 0 0 0 6.95262e-310 6.93904e-310 3.51281e-321 
1.745 0.957737 -0.0349167 0.0923187 0.270183 17.8019 15.4232 4.28187 -0.159968 -0.0399988 0.307437 -4.89016 -0.501182 16.2487 -2.4559 5.36245 2.18626 0 0 0 6.95262e-310 6.93904e-310 3.51281e-321 
1.75 0.957524 -0.0352012 0.0921404 0.270959 17.7896 15.45 4.29289 -0.159826 -0.0411346 0.307411 -4.86671 -0.507644 16.1425 -2.46221 5.3573 2.22143 0 0 0 6.95262e-310 6.93904e-310 3.51281e-321 
1.755 0.957311 -0.0354846 0.0919593 0.271735 17.7773 15.4767 4.30408 -0.15968 -0.0422694 0.307384 -4.84289 -0.513963 16.0347 -2.46852 5.35213 2.25605 0 0 0 6.95262e-310 6.93904e-310 3.51281e-321 
1.76 0.957097 -0.0357668 0.0917756 0.272511 17.7649 15.5035 4.31545 -0.15953 -0.043403 0.307356 -4.81869 -0.520135 15.9252 -2.47483 5.34696 2.29011 0 0 0 6.95262e-310 6.93904e-310 3.51281e-321 
1.765 0.956884 -0.0360478 0.0915892 0.273287 17.7525 15.5302 4.32698 -0.159376 -0.0445356 0.307327 -4.79414 -0.526158 15.8141 -2.48112 5.34177 2.32361 0 0 0 6.95262e-310 6.93904e-310 3.51281e-321 
1.77 0.956669 -0.0363277 0.0914002 0.274063 17.7401 15.5569 4.33868 -0.159218 -0.0456671 0.307298 -4.76924 -0.532031 15.7014 -2.48741 5.33656 2.35653 0 0 0 6.95262e-310 6.93904e-310 3.51281e-321 
1.775 0.956454 -0.0366064 0.0912084 0.274838 17.7277 15.5836 4.35055 -0.159056 -0.0467974 0.307268 -4.74399 -0.537753 15.5871 -2.4937 5.33135 2.38888 0 0 0 6.95262e-310 6.93904e-310 3.51281e-321 
1.78 0.956239 -0.0368839 0.091014 0.275613 17.7152 15.6102 4.36257 -0.15889 -0.0479265 0.307237 -4.7184 -0.54332 15.4713 -2.49997 5.32612 2.42063 0 0 0 6.95262e-310 6.93904e-310 3.51281e-321 
1.785 0.956023 -0.0371602 0.090817 0.276388 17.7027 15.6368 4.37475 -0.15872 -0.0490544 0.307206 -4.69249 -0.548732 15.3539 -2.50624 5.32088 2.45179 0 0 0 6.95262e-310 6.93904e-310 3.51281e-321 
1.79 0.955807 -0.0374353 0.0906173 0.277163 17.6901 15.6634 4.38709 -0.158547 -0.0501811 0.307174 -4.66625 -0.553987 15.2351 -2.51251 5.31562 2.48234 0 0 0 6.95262e-310 6.93904e-310 3.51281e-321 
1.795 0.955591 -0.0377092 0.090415 0.277937 17.6775 15.69 4.39958 -0.158369 -0.0513065 0.307141 -4.63971 -0.559083 15.1149 -2.51877 5.31035 2.51228 0 0 0 6.95262e-310 6.93904e-310 3.51281e-321 
1.8 0.955374 -0.0379818 0.09021 0.278712 17.6649 15.7165 4.41221 -0.158187 -0.0524306 0.307107 -4.61286 -0.564019 14.9932 -2.52502 5.30507 2.54159 0 0 0 6.95262e-310 6.93904e-310 3.51281e-321 
1.805 0.955157 -0.0382532 0.0900024 0.279486 17.6523 15.743 4.42499 -0.158002 -0.0535533 0.307073 -4.58572 -0.568794 14.8701 -2.53127 5.29978 2.57029 0 0 0 6.95262e-310 6.93904e-310 3.51281e-321 
1.81 0.954939 -0.0385234 0.0897922 0.28026 17.6396 15.7695 4.43791 -0.157812 -0.0546748 0.307038 -4.5583 -0.573406 14.7457 -2.53751 5.29447 2.59834 0 0 0 6.95262e-310 6.93904e-310 3.51281e-321 
1.815 0.95472 -0.0387923 0.0895793 0.281033 17.6269 15.796 4.45097 -0.157619 -0.0557948 0.307003 -4.5306 -0.577854 14.6199 -2.54374 5.28915 2.62576 0 0 0 6.95262e-310 6.93904e-310 3.51281e-321 
1.82 0.954502 -0.0390599 0.0893639 0.281807 17.6142 15.8224 4.46417 -0.157421 -0.0569135 0.306967 -4.50263 -0.582137 14.4928 -2.54997 5.28381 2.65253 0 0 0 6.95262e-310 6.93904e-310 3.51281e-321 
1.825 0.954283 -0.0393262 0.0891458 0.28258 17.6014 15.8488 4.4775 -0.15722 -0.0580307 0.30693 -4.47441 -0.586254 14.3644 -2.55619 5.27847 2.67864 0 0 0 6.95262e-310 6.93904e-310 3.51281e-321 
1.83 0.954063 -0.0395913 0.0889252 0.283352 17.5886 15.8752 4.49095 -0.157015 -0.0591464 0.306892 -4.44593 -0.590204 14.2348 -2.56241 5.2731 2.70409 0 0 0 6.95262e-310 6.93904e-310 3.51281e-321 
1.835 0.953843 -0.039855 0.088702 0.284125 17.5758 15.9016 4.50454 -0.156806 -0.0602606 0.306854 -4.41722 -0.593986 14.104 -2.56862 5.26773 2.72888 0 0 0 6.95262e-310 6.93904e-310 3.51281e-321 
1.84 0.953623 -0.0401174 0.0884762 0.284898 17.5629 15.9279 4.51824 -0.156593 -0.0613734 0.306815 -4.38828 -0.597599 13.9721 -2.57482 5.26235 2.75299 0 0 0 6.95262e-310 6.93904e-310 3.51281e-321 
1.845 0.953402 -0.0403785 0.0882478 0.28567 17.55 15.9542 4.53207 -0.156376 -0.0624845 0.306775 -4.35912 -0.601042 13.8389 -2.58102 5.25695 2.77642 0 0 0 6.95262e-310 6.93904e-310 3.51281e-321 
1.85 0.95318 -0.0406382 0.0880169 0.286442 17.5371 15.9804 4.54601 -0.156155 -0.0635941 0.306735 -4.32975 -0.604315 13.7047 -2.58721 5.25153 2.79917 0 0 0 6.95262e-310 6.93904e-310 3.51281e-321 
1.855 0.952959 -0.0408966 0.0877834 0.287213 17.5242 16.0067 4.56006 -0.15593 -0.0647021 0.306694 -4.30017 -0.607417 13.5694 -2.59339 5.24611 2.82123 0 0 0 6.95262e-310 6.93904e-310 3.51281e-321 
1.86 0.952736 -0.0411537 0.0875474 0.287985 17.5112 16.0329 4.57422 -0.155702 -0.0658085 0.306653 -4.27041 -0.610348 13.433 -2.59957 5.24067 2.84259 0 0 0 6.95262e-310 6.93904e-310 3.51281e-321 
1.865 0.952514 -0.0414093 0.0873089 0.288756 17.4982 16.0591 4.58848 -0.155469 -0.0669131 0.306611 -4.24046 -0.613107 13.2957 -2.60574 5.23522 2.86325 0 0 0 6.95262e-310 6.93904e-310 3.51281e-321 
1.87 0.952291 -0.0416636 0.0870678 0.289526 17.4851 16.0853 4.60285 -0.155233 -0.0680161 0.306568 -4.21033 -0.615694 13.1573 -2.6119 5.22976 2.88321 0 0 0 6.95262e-310 6.93904e-310 3.51281e-321 
1.875 0.952067 -0.0419165 0.0868242 0.290297 17.472 16.1114 4.61731 -0.154993 -0.0691174 0.306525 -4.18005 -0.618109 13.018 -2.61806 5.22428 2.90245 0 0 0 6.95262e-310 6.93904e-310 3.51281e-321 
1.88 0.951843 -0.0421681 0.086578 0.291067 17.4589 16.1375 4.63187 -0.154748 -0.070217 0.306481 -4.14961 -0.620351 12.8778 -2.62421 5.21879 2.92097 0 0 0 6.95262e-310 6.93904e-310 3.51281e-321 
1.885 0.951619 -0.0424182 0.0863294 0.291837 17.4458 16.1636 4.64652 -0.1545 -0.0713147 0.306436 -4.11902 -0.62242 12.7367 -2.63036 5.21329 2.93878 0 0 0 6.95262e-310 6.93904e-310 3.51281e-321 
1.89 0.951394 -0.0426668 0.0860782 0.292607 17.4326 16.1896 4.66126 -0.154249 -0.0724107 0.306391 -4.0883 -0.624317 12.5948 -2.6365 5.20777 2.95586 0 0 0 6.95262e-310 6.93904e-310 3.51281e-321 
1.895 0.951169 -0.0429141 0.0858246 0.293377 17.4194 16.2157 4.67608 -0.153993 -0.0735048 0.306345 -4.05746 -0.626042 12.4521 -2.64263 5.20224 2.97221 0 0 0 6.95262e-310 6.93904e-310 3.51281e-321 
1.9 0.950943 -0.0431599 0.0855685 0.294146 17.4062 16.2417 4.69098 -0.153734 -0.0745971 0.306298 -4.0265 -0.627594 12.3086 -2.64875 5.1967 2.98783 0 0 0 6.95262e-310 6.93904e-310 3.51281e-321 
1.905 0.950717 -0.0434043 0.0853099 0.294915 17.393 16.2676 4.70596 -0.15347 -0.0756875 0.306251 -3.99543 -0.628974 12.1643 -2.65487 5.19115 3.00271 0 0 0 6.95262e-310 6.93904e-310 3.51281e-321 
1.91 0.950491 -0.0436472 0.0850489 0.295684 17.3797 16.2936 4.721 -0.153203 -0.076776 0.306204 -3.96427 -0.630182 12.0194 -2.66098 5.18558 3.01685 0 0 0 6.95262e-310 6.93904e-310 3.51281e-321 
1.915 0.950264 -0.0438887 0.0847854 0.296452 17.3663 16.3195 4.73612 -0.152932 -0.0778626 0.306155 -3.93302 -0.631219 11.8738 -2.66709 5.18 3.03024 0 0 0 6.95262e-310 6.93904e-310 3.51281e-321 
1.92 0.950036 -0.0441286 0.0845194 0.29722 17.353 16.3454 4.75131 -0.152657 -0.0789472 0.306106 -3.9017 -0.632085 11.7276 -2.67319 5.17441 3.04289 0 0 0 6.95262e-310 6.93904e-310 3.51281e-321 
1.925 0.949809 -0.0443671 0.0842511 0.297988 17.3396 16.3712 4.76655 -0.152379 -0.0800298 0.306057 -3.8703 -0.63278 11.5807 -2.67928 5.1688 3.05479 0 0 0 6.95262e-310 6.93904e-310 3.51281e-321 
1.93 0.94958 -0.0446041 0.0839802 0.298756 17.3262 16.3971 4.78185 -0.152096 -0.0811103 0.306007 -3.83886 -0.633306 11.4334 -2.68537 5.16319 3.06593 0 0 0 6.95262e-310 6.93904e-310 3.51281e-321 
1.935 0.949352 -0.0448396 0.083707 0.299523 17.3128 16.4229 4.79721 -0.15181 -0.0821889 0.305956 -3.80736 -0.633664 11.2854 -2.69145 5.15756 3.07632 0 0 0 6.95262e-310 6.93904e-310 3.51281e-321 
1.94 0.949122 -0.0450736 0.0834314 0.30029 17.2993 16.4486 4.81261 -0.15152 -0.0832653 0.305905 -3.77582 -0.633853 11.1371 -2.69752 5.15191 3.08594 0 0 0 6.95262e-310 6.93904e-310 3.51281e-321 
1.945 0.948893 -0.045306 0.0831533 0.301057 17.2858 16.4744 4.82807 -0.151227 -0.0843397 0.305853 -3.74426 -0.633875 10.9882 -2.70359 5.14626 3.09481 0 0 0 6.95262e-310 6.93904e-310 3.51281e-321 
1.95 0.948663 -0.045537 0.0828729 0.301823 17.2723 16.5001 4.84356 -0.150929 -0.0854119 0.305801 -3.71268 -0.633731 10.839 -2.70965 5.14059 3.10291 0 0 0 6.95262e-310 6.93904e-310 3.51281e-321 
1.955 0.948432 -0.0457663 0.08259 0.302589 17.2587 16.5258 4.85909 -0.150628 -0.086482 0.305748 -3.68109 -0.633422 10.6893 -2.7157 5.13491 3.11025 0 0 0 6.95262e-310 6.93904e-310 3.51281e-321 
1.96 0.948202 -0.0459942 0.0823048 0.303355 17.2451 16.5514 4.87466 -0.150323 -0.0875499 0.305695 -3.6495 -0.632949 10.5394 -2.72175 5.12921 3.11682 0 0 0 6.95262e-310 6.93904e-310 3.51281e-321 
1.965 0.94797 -0.0462204 0.0820173 0.30412 17.2315 16.5771 4.89026 -0.150014 -0.0886156 0.305641 -3.61792 -0.632314 10.3891 -2.72778 5.12351 3.12262 0 0 0 6.95262e-310 6.93904e-310 3.51281e-321 
1.97 0.947738 -0.0464451 0.0817273 0.304886 17.2178 16.6027 4.90589 -0.149702 -0.089679 0.305586 -3.58636 -0.631517 10.2385 -2.73382 5.11779 3.12765 0 0 0 6.95262e-310 6.93904e-310 3.51281e-321 
1.975 0.947506 -0.0466682 0.0814351 0.305651 17.2041 16.6283 4.92154 -0.149385 -0.0907402 0.305531 -3.55483 -0.63056 10.0878 -2.73984 5.11205 3.13191 0 0 0 6.95262e-310 6.93904e-310 3.51281e-321 
1.98 0.947274 -0.0468897 0.0811404 0.306415 17.1904 16.6538 4.9372 -0.149065 -0.0917991 0.305476 -3.52334 -0.629445 9.93682 -2.74586 5.10631 3.13539 0 0 0 6.95262e-310 6.93904e-310 3.51281e-321 
1.985 0.947041 -0.0471097 0.0808435 0.307179 17.1767 16.6793 4.95289 -0.148742 -0.0928557 0.30542 -3.4919 -0.628172 9.78571 -2.75187 5.10055 3.1381 0 0 0 6.95262e-310 6.93904e-310 3.51281e-321 
1.99 0.946807 -0.047328 0.0805442 0.307943 17.1629 16.7048 4.96858 -0.148414 -0.0939099 0.305363 -3.46051 -0.626745 9.63448 -2.75788 5.09478 3.14004 0 0 0 6.95262e-310 6.93904e-310 3.51281e-321 
1.995 0.946573 -0.0475447 0.0802427 0.308707 17.1491 16.7303 4.98429 -0.148083 -0.0949618 0.305306 -3.42919 -0.625164 9.48318 -2.76388 5.089 3.1412 0 0 0 6.95262e-310 6.93904e-310 3.51281e-321 
2 0.946339 -0.0477598 0.0799388 0.30947 17.1353 16.7557 4.99999 -0.147748 -0.0960113 0.305248 -3.39794 -0.623431 9.33183 -2.76987 5.08321 3.14159 0 0 0 6.95262e-310 6.93904e-310 3.51281e-321 
2.005 0.946104 -0.0479732 0.0796327 0.310233 17.1214 16.7811 5.0157 -0.14741 -0.0970584 0.30519 -3.36678 -0.621548 9.18047 -2.77586 5.0774 3.14121 0 0 0 6.95262e-310 6.93904e-310 3.51281e-321 
2.01 0.945869 -0.048185 0.0793242 0.310996 17.1075 16.8065 5.03141 -0.147068 -0.098103 0.305132 -3.33571 -0.619518 9.02915 -2.78183 5.07158 3.14004 0 0 0 6.95262e-310 6.93904e-310 3.51281e-321 
2.015 0.945633 -0.0483952 0.0790135 0.311758 17.0936 16.8318 5.0471 -0.146722 -0.0991452 0.305073 -3.30475 -0.617341 8.8779 -2.78781 5.06575 3.13811 0 0 0 6.95262e-310 6.93904e-310 3.51281e-321 
2.02 0.945397 -0.0486037 0.0787005 0.31252 17.0796 16.8571 5.06279 -0.146372 -0.100185 0.305013 -3.27389 -0.615021 8.72675 -2.79377 5.0599 3.13539 0 0 0 6.95262e-310 6.93904e-310 3.51281e-321 
2.025 0.94516 -0.0488105 0.0783853 0.313282 17.0656 16.8824 5.07846 -0.146019 -0.101222 0.304953 -3.24316 -0.612559 8.57575 -2.79973 5.05404 3.13191 0 0 0 6.95262e-310 6.93904e-310 3.51281e-321 
2.03 0.944923 -0.0490157 0.0780679 0.314044 17.0516 16.9077 5.09411 -0.145662 -0.102257 0.304893 -3.21256 -0.609957 8.42493 -2.80568 5.04817 3.12765 0 0 0 6.95262e-310 6.93904e-310 3.51281e-321 
2.035 0.944686 -0.0492192 0.0777482 0.314805 17.0376 16.9329 5.10973 -0.145302 -0.103289 0.304832 -3.18209 -0.607218 8.27433 -2.81162 5.04229 3.12262 0 0 0 6.95262e-310 6.93904e-310 3.51281e-321 
2.04 0.944448 -0.0494209 0.0774263 0.315565 17.0235 16.9581 5.12533 -0.144938 -0.104318 0.30477 -3.15177 -0.604345 8.12398 -2.81756 5.03639 3.11682 0 0 0 6.95262e-310 6.93904e-310 3.51281e-321 
2.045 0.944209 -0.049621 0.0771022 0.316326 17.0094 16.9833 5.1409 -0.14457 -0.105345 0.304708 -3.12161 -0.601339 7.97393 -2.82349 5.03049 3.11025 0 0 0 6.95262e-310 6.93904e-310 3.51281e-321 
2.05 0.94397 -0.0498194 0.0767759 0.317086 16.9953 17.0084 5.15643 -0.144199 -0.106369 0.304646 -3.09161 -0.598203 7.82421 -2.82941 5.02457 3.10292 0 0 0 6.95262e-310 6.93904e-310 3.51281e-321 
2.055 0.943731 -0.050016 0.0764474 0.317846 16.9811 17.0335 5.17193 -0.143824 -0.10739 0.304583 -3.06178 -0.594941 7.67486 -2.83533 5.01864 3.09481 0 0 0 6.95262e-310 6.93904e-310 3.51281e-321 
2.06 0.943491 -0.0502109 0.0761167 0.318605 16.9669 17.0586 5.18738 -0.143445 -0.108409 0.30452 -3.03213 -0.591553 7.52591 -2.84124 5.01269 3.08595 0 0 0 6.95262e-310 6.93904e-310 3.51281e-321 
2.065 0.943251 -0.0504041 0.0757839 0.319364 16.9527 17.0836 5.20279 -0.143063 -0.109425 0.304456 -3.00266 -0.588044 7.3774 -2.84714 5.00673 3.07632 0 0 0 6.95262e-310 6.93904e-310 3.51281e-321 
2.07 0.943011 -0.0505956 0.0754489 0.320123 16.9384 17.1087 5.21814 -0.142677 -0.110438 0.304392 -2.9734 -0.584416 7.22937 -2.85304 5.00076 3.06593 0 0 0 6.95262e-310 6.93904e-310 3.51281e-321 
2.075 0.94277 -0.0507853 0.0751118 0.320881 16.9242 17.1336 5.23345 -0.142288 -0.111449 0.304328 -2.94433 -0.580671 7.08185 -2.85892 4.99478 3.05479 0 0 0 6.95262e-310 6.93904e-310 3.51281e-321 
2.08 0.942528 -0.0509732 0.0747726 0.321639 16.9099 17.1586 5.24869 -0.141895 -0.112456 0.304263 -2.91548 -0.576813 6.93489 -2.8648 4.98879 3.04289 0 0 0 6.95262e-310 6.93904e-310 3.51281e-321 
2.085 0.942286 -0.0511594 0.0744312 0.322397 16.8955 17.1835 5.26387 -0.141499 -0.113461 0.304198 -2.88685 -0.572845 6.78851 -2.87068 4.98278 3.03025 0 0 0 6.95262e-310 6.93904e-310 3.51281e-321 
2.09 0.942044 -0.0513438 0.0740877 0.323154 16.8811 17.2084 5.27899 -0.141099 -0.114463 0.304132 -2.85845 -0.568769 6.64276 -2.87654 4.97676 3.01685 0 0 0 6.95262e-310 6.93904e-310 3.51281e-321 
2.095 0.941801 -0.0515264 0.0737421 0.323911 16.8668 17.2333 5.29404 -0.140696 -0.115462 0.304066 -2.83027 -0.56459 6.49766 -2.8824 4.97073 3.00271 0 0 0 6.95262e-310 6.93904e-310 3.51281e-321 
2.1 0.941558 -0.0517072 0.0733944 0.324667 16.8523 17.2581 5.30902 -0.140289 -0.116459 0.304 -2.80234 -0.560309 6.35327 -2.88826 4.96469 2.98783 0 0 0 6.95262e-310 6.93904e-310 3.51281e-321 
2.105 0.941314 -0.0518862 0.0730447 0.325424 16.8379 17.283 5.32392 -0.139878 -0.117452 0.303933 -2.77466 -0.55593 6.2096 -2.8941 4.95863 2.97221 0 0 0 6.95262e-310 6.93904e-310 3.51281e-321 
2.11 0.94107 -0.0520634 0.0726929 0.326179 16.8234 17.3077 5.33874 -0.139465 -0.118442 0.303866 -2.74724 -0.551456 6.0667 -2.89994 4.95257 2.95586 0 0 0 6.95262e-310 6.93904e-310 3.51281e-321 
2.115 0.940825 -0.0522388 0.072339 0.326935 16.8089 17.3325 5.35348 -0.139047 -0.119429 0.303798 -2.72007 -0.546891 5.92461 -2.90577 4.94649 2.93878 0 0 0 6.95262e-310 6.93904e-310 3.51281e-321 
2.12 0.94058 -0.0524124 0.0719831 0.32769 16.7943 17.3572 5.36813 -0.138626 -0.120414 0.30373 -2.69318 -0.542238 5.78335 -2.9116 4.94039 2.92097 0 0 0 6.95262e-310 6.93904e-310 3.51281e-321 
2.125 0.940334 -0.0525842 0.0716252 0.328445 16.7798 17.3819 5.38269 -0.138202 -0.121395 0.303662 -2.66656 -0.537501 5.64297 -2.91741 4.93429 2.90245 0 0 0 6.95262e-310 6.93904e-310 3.51281e-321 
2.13 0.940088 -0.0527541 0.0712652 0.329199 16.7651 17.4065 5.39715 -0.137774 -0.122373 0.303593 -2.64022 -0.532682 5.50349 -2.92322 4.92817 2.88321 0 0 0 6.95262e-310 6.93904e-310 3.51281e-321 
2.135 0.939842 -0.0529222 0.0709033 0.329953 16.7505 17.4312 5.41152 -0.137343 -0.123348 0.303524 -2.61417 -0.527786 5.36496 -2.92902 4.92205 2.86325 0 0 0 6.95262e-310 6.93904e-310 3.51281e-321 
2.14 0.939595 -0.0530884 0.0705393 0.330707 16.7359 17.4558 5.42578 -0.136908 -0.12432 0.303455 -2.58842 -0.522815 5.2274 -2.93482 4.9159 2.84259 0 0 0 6.95262e-310 6.93904e-310 3.51281e-321 
2.145 0.939348 -0.0532528 0.0701734 0.33146 16.7212 17.4803 5.43994 -0.13647 -0.125289 0.303386 -2.56296 -0.517774 5.09086 -2.94061 4.90975 2.82123 0 0 0 6.95262e-310 6.93904e-310 3.51281e-321 
2.15 0.9391 -0.0534153 0.0698055 0.332213 16.7065 17.5049 5.454 -0.136028 -0.126255 0.303316 -2.53782 -0.512666 4.95536 -2.94639 4.90359 2.79917 0 0 0 6.95262e-310 6.93904e-310 3.51281e-321 
2.155 0.938852 -0.0535759 0.0694356 0.332966 16.6917 17.5294 5.46794 -0.135583 -0.127217 0.303246 -2.51298 -0.507495 4.82094 -2.95216 4.89741 2.77642 0 0 0 6.95262e-310 6.93904e-310 3.51281e-321 
2.16 0.938603 -0.0537347 0.0690638 0.333718 16.6769 17.5538 5.48176 -0.135135 -0.128177 0.303175 -2.48847 -0.502265 4.68763 -2.95793 4.89122 2.75299 0 0 0 6.95262e-310 6.93904e-310 3.51281e-321 
2.165 0.938354 -0.0538916 0.06869 0.33447 16.6621 17.5783 5.49546 -0.134683 -0.129133 0.303104 -2.46427 -0.496978 4.55547 -2.96369 4.88502 2.72888 0 0 0 6.95262e-310 6.93904e-310 3.51281e-321 
2.17 0.938104 -0.0540465 0.0683143 0.335221 16.6473 17.6027 5.50905 -0.134228 -0.130086 0.303033 -2.44041 -0.49164 4.42449 -2.96944 4.87881 2.70409 0 0 0 6.95262e-310 6.93904e-310 3.51281e-321 
2.175 0.937854 -0.0541996 0.0679367 0.335972 16.6324 17.6271 5.5225 -0.13377 -0.131035 0.302962 -2.41688 -0.486254 4.29472 -2.97518 4.87258 2.67864 0 0 0 6.95262e-310 6.93904e-310 3.51281e-321 
2.18 0.937603 -0.0543508 0.0675572 0.336723 16.6175 17.6514 5.53583 -0.133308 -0.131982 0.302891 -2.39369 -0.480823 4.16619 -2.98092 4.86634 2.65252 0 0 0 6.95262e-310 6.93904e-310 3.51281e-321 
2.185 0.937352 -0.0545001 0.0671759 0.337473 16.6026 17.6757 5.54903 -0.132843 -0.132925 0.302819 -2.37084 -0.475352 4.03894 -2.98665 4.86009 2.62575 0 0 0 6.95262e-310 6.93904e-310 3.51281e-321 
2.19 0.937101 -0.0546474 0.0667926 0.338223 16.5877 17.7 5.56209 -0.132374 -0.133864 0.302747 -2.34834 -0.469844 3.913 -2.99237 4.85383 2.59834 0 0 0 6.95262e-310 6.93904e-310 3.51281e-321 
2.195 0.936849 -0.0547928 0.0664075 0.338972 16.5727 17.7243 5.57501 -0.131903 -0.134801 0.302674 -2.32619 -0.464304 3.7884 -2.99809 4.84756 2.57028 0 0 0 6.95262e-310 6.93904e-310 3.51281e-321 
