0.00222172 0.0351226 
0.00123721 0.0351203 
0.00149425 0.0351365 
0.00232021 0.03514 
0.00347142 0.0351527 
0.00620323 0.035149 
0.0067317 0.0351503 
0.00750968 0.0351449 
0.00850975 0.0351446 
0.00912907 0.0351424 
0.0107323 0.0351331 
0.00976241 0.0351272 
0.00734529 0.0351165 
0.0068391 0.0350974 
0.00597811 0.035075 
0.00629641 0.0350446 
0.00570529 0.035028 
0.00382937 0.0349941 
0.00332306 0.0349568 
0.00297506 0.0349137 
0.00263717 0.0348558 
0.00408482 0.0348086 
0.00621164 0.0347457 
0.00728693 0.0346821 
0.00770403 0.034621 
0.00539522 0.0345538 
0.00440821 0.0344966 
0.00369549 0.0344406 
0.00308665 0.0343887 
0.00548856 0.034324 
0.00570777 0.0342809 
0.00749353 0.0342465 
0.00746403 0.0342165 
0.00944419 0.0341803 
0.0100965 0.0341304 
0.00970812 0.0340749 
0.00911243 0.034023 
0.0103821 0.0339908 
0.0117987 0.0339414 
0.0120311 0.0339063 
0.0120733 0.033861 
0.0125791 0.0338337 
0.0132423 0.0338066 
0.0139106 0.0337724 
0.0151326 0.0337466 
0.0147688 0.0337098 
0.0152483 0.0336851 
0.0151723 0.033648 
0.0144227 0.0336246 
0.0146205 0.033613 
0.0148429 0.0335957 
0.0160846 0.0335665 
0.0154002 0.0335499 
0.0153298 0.0335129 
0.0151769 0.0334752 
0.0151947 0.0334315 
0.0165105 0.0333946 
0.0174816 0.033351 
0.0183689 0.0333355 
0.019108 0.0332922 
0.0185058 0.0332441 
0.0191859 0.0331981 
0.0179896 0.0331387 
0.0168859 0.0330982 
0.0173638 0.0330588 
0.0189301 0.0329969 
0.0184828 0.0329468 
0.0175592 0.0328915 
0.0191184 0.0328367 
0.0199787 0.0327841 
0.0209103 0.032723 
0.0207355 0.0326717 
0.0194852 0.032618 
0.020266 0.0325571 
0.0199992 0.0325011 
0.0205926 0.0324333 
0.0218115 0.0323717 
0.0222355 0.0323078 
0.022936 0.0322491 
0.0213026 0.0321682 
0.022604 0.0320768 
0.0226567 0.0319896 
0.0237888 0.0319163 
0.0234884 0.0318586 
0.0233262 0.0317849 
0.0211879 0.0317269 
0.0222332 0.0316581 
0.0214277 0.0316064 
0.0209185 0.0315577 
0.0219731 0.031522 
0.0228821 0.031482 
0.0250568 0.0314182 
0.0245437 0.0313699 
0.0253235 0.0313351 
0.0272409 0.0313231 
0.0268934 0.0312949 
0.0287277 0.0312874 
0.026953 0.0312403 
0.0285344 0.031206 
0.028968 0.0311804 
0.0283443 0.0311243 
0.0297031 0.0310925 
0.0298541 0.0310727 
0.0308608 0.0310305 
0.0305798 0.0310022 
0.0295046 0.0309379 
0.0292088 0.0309378 
0.0291454 0.0308651 
0.0285611 0.030858 
0.0295755 0.0308236 
0.0302463 0.0307629 
0.0299901 0.03077 
0.0320378 0.0307468 
0.0324944 0.0306974 
0.0330381 0.0306655 
0.0315785 0.0306386 
0.0301065 0.0306244 
0.0299473 0.0305796 
0.0301005 0.0305538 
0.0300643 0.0305119 
0.0293716 0.0304942 
0.0291376 0.0304899 
0.0306577 0.0304588 
0.0307125 0.030435 
0.0308261 0.0304343 
0.0295285 0.0304114 
0.0298739 0.0303921 
0.0274002 0.0303356 
0.0288429 0.0302871 
0.0293539 0.0302519 
0.0297079 0.0301876 
0.0307405 0.0301333 
0.0314831 0.0300975 
0.0313687 0.0300225 
0.0311448 0.0299675 
0.0305945 0.0299443 
0.0322011 0.0298754 
0.0307894 0.0298262 
0.0314054 0.0298077 
0.0318883 0.0297432 
0.03075 0.0297063 
0.0304637 0.0296202 
0.0298493 0.0295642 
0.0285346 0.0295365 
0.027757 0.0294616 
0.0273657 0.0294054 
0.0284853 0.0293802 
0.0269703 0.0293233 
0.0283223 0.0292881 
0.0283835 0.0292124 
0.0268898 0.0291566 
0.0259378 0.0291174 
0.0250897 0.029114 
0.0250454 0.029068 
0.0236972 0.0290547 
0.0238249 0.0289873 
0.0246448 0.028951 
0.0268039 0.0289374 
0.0275158 0.0288737 
0.0268027 0.0288349 
0.0264098 0.0287487 
0.0252869 0.0287707 
0.0257204 0.0287445 
0.0256975 0.0286618 
0.0247048 0.0286017 
0.0246524 0.0285647 
0.0239761 0.0285371 
0.0238456 0.028557 
0.0238501 0.0285049 
0.0239519 0.02856 
0.0249598 0.0285001 
0.0272153 0.0284445 
0.0289222 0.0285539 
0.0283709 0.0284619 
0.0265897 0.0284829 
0.0278546 0.0285011 
0.0297052 0.0285464 
0.0308623 0.0285757 
0.0314137 0.0286018 
0.0327554 0.0287044 
0.0317573 0.0287046 
0.0302513 0.028736 
0.0308846 0.0288456 
0.0315103 0.028859 
0.0327503 0.0289478 
0.0332995 0.0290731 
0.0346706 0.0291365 
0.0341904 0.0292166 
0.0328676 0.0293564 
0.0328754 0.0293925 
0.0338704 0.0294958 
0.0359005 0.0296267 
0.037524 0.0296942 
0.0363672 0.0297918 
0.0355919 0.029825 
0.0337734 0.0298961 
0.0321564 0.030041 
0.0329549 0.0301363 
0.0332371 0.0302747 
0.0333342 0.0304599 
0.0330051 0.0305971 
0.0334358 0.0308766 
0.0322025 0.0310065 
0.0336089 0.0311965 
0.0346784 0.0314244 
0.035034 0.031693 
0.0319133 0.0319073 
0.0325994 0.0321677 
0.0318818 0.0324824 
0.0316382 0.0327609 
0.031254 0.033082 
0.0310987 0.0333387 
0.0303172 0.0336375 
0.0295153 0.0339783 
0.0298229 0.0343708 
0.0316429 0.0347132 
0.0318577 0.0350945 
0.0316904 0.0354207 
0.0317213 0.0357989 
0.0310934 0.0362321 
0.0323802 0.036618 
0.0333163 0.0370425 
0.0334404 0.0375147 
0.0334845 0.0379522 
0.0324033 0.0384257 
0.0313595 0.0389345 
0.0326826 0.0394157 
0.0322713 0.039949 
0.032108 0.0404131 
0.0323439 0.0410239 
0.031763 0.041589 
0.0320683 0.042105 
0.032433 0.0426457 
0.0335358 0.0432681 
0.0333497 0.0439175 
0.0339364 0.0445215 
0.0356987 0.0451771 
0.0360977 0.0457889 
0.037011 0.0464171 
0.0372037 0.0471372 
0.0365195 0.0477868 
0.038534 0.0485774 
0.0403645 0.0492326 
0.0395335 0.0499934 
0.0391575 0.0507587 
0.0405285 0.051535 
0.0420798 0.0522648 
0.043891 0.0530401 
0.0434597 0.0538631 
0.0449659 0.0546008 
0.0450603 0.0554361 
0.0463664 0.0562781 
0.0469388 0.0570907 
0.0463976 0.0579676 
0.0473249 0.0588552 
0.047875 0.0597095 
0.0486356 0.0606743 
0.0491806 0.0615643 
0.0487755 0.062539 
0.0482037 0.0635389 
0.0478611 0.0645166 
0.0488613 0.0654965 
0.0486053 0.0665332 
0.047324 0.0676294 
0.0476252 0.0686421 
0.0467217 0.0697728 
0.0460185 0.0709056 
0.0437618 0.0720207 
0.0439773 0.0731965 
0.0439305 0.0742916 
0.043706 0.0755807 
0.0430138 0.0767056 
0.0433702 0.0779646 
0.0439628 0.079208 
0.0428295 0.0804418 
0.0413635 0.0817193 
0.0420554 0.0830633 
0.040589 0.0843847 
0.0421474 0.0856872 
0.0448011 0.0869875 
0.0458267 0.0884204 
0.0456989 0.0898461 
0.0459587 0.0912589 
0.0435401 0.0927306 
0.0448006 0.0941171 
0.0433044 0.0955533 
0.044819 0.0971105 
0.0437604 0.0985764 
0.0439761 0.100097 
0.041184 0.101677 
0.0417112 0.103177 
0.0425236 0.104736 
0.0421983 0.106353 
0.044278 0.107949 
0.0442759 0.109603 
0.0450117 0.111238 
0.0438357 0.112864 
0.0438603 0.114466 
0.0448126 0.116201 
0.0451262 0.11792 
0.0449522 0.119635 
0.0450843 0.121409 
0.0456001 0.123098 
0.0481451 0.124988 
0.0491336 0.126742 
0.0488077 0.128617 
0.0500273 0.13041 
0.0485405 0.132347 
0.0470879 0.134273 
0.0473017 0.136207 
0.0470524 0.138203 
0.0489964 0.14012 
0.0485492 0.142244 
0.0474573 0.14429 
0.0465953 0.146332 
0.0462128 0.148408 
0.045707 0.150507 
0.0456658 0.152651 
0.0454439 0.154796 
0.0439381 0.156914 
0.0446854 0.159166 
0.0452401 0.161333 
0.0439543 0.163561 
0.0438481 0.16577 
0.0449545 0.168065 
0.0449894 0.17033 
0.0444699 0.172647 
0.0465709 0.175022 
0.0471966 0.177316 
0.047022 0.179699 
0.0458312 0.182105 
0.0477913 0.184427 
0.0486201 0.186898 
0.0492454 0.189296 
0.0486683 0.19176 
0.0490862 0.194285 
0.0483255 0.19687 
0.0496332 0.199369 
0.0506362 0.201915 
0.0480753 0.204466 
0.047759 0.206992 
0.0489101 0.209583 
0.0495421 0.212323 
0.0513449 0.214901 
0.0514972 0.217629 
0.0522787 0.220337 
0.0510554 0.223048 
0.0511459 0.22581 
0.0525195 0.228538 
0.0526526 0.231362 
0.053143 0.234163 
0.0523428 0.236939 
0.0524705 0.239816 
0.0505795 0.242666 
0.0510176 0.245572 
0.0506209 0.248532 
0.0490904 0.251411 
0.0484923 0.254347 
0.0468595 0.257288 
0.0465426 0.260279 
0.0471056 0.263233 
0.0493045 0.266239 
0.0483846 0.269253 
0.0504002 0.272331 
0.0494904 0.275383 
0.04984 0.278452 
0.0496277 0.28158 
0.0500938 0.284759 
0.0503371 0.287859 
0.051575 0.291021 
0.0522895 0.294154 
0.0525049 0.297439 
0.0529976 0.300647 
0.0533998 0.3039 
0.0539193 0.307159 
0.054867 0.310383 
0.0540854 0.313665 
0.0543278 0.317 
0.0555444 0.320252 
0.0550905 0.323642 
0.056992 0.326996 
0.0561136 0.330328 
0.0560642 0.333777 
0.0569124 0.337159 
0.0571333 0.340639 
0.0567417 0.34404 
0.0554774 0.347592 
0.0564647 0.351111 
0.0574142 0.354547 
0.0577206 0.358127 
0.0575873 0.361677 
0.058984 0.365244 
0.0593014 0.368781 
0.059608 0.372471 
0.0629062 0.376089 
0.0631234 0.379767 
0.0631593 0.383405 
0.0638074 0.387095 
0.0659636 0.390805 
0.0664287 0.394578 
