0.998772 0.0495274 0.000241679 0.000984972 20 5.03141 5.01571 
0.998766 0.0496404 0.000529096 0.00127713 19.9999 5.06284 5.03141 
0.998749 0.0499836 0.000331015 0.00149053 19.9999 5.09427 5.0471 
0.998763 0.049673 0.000559112 0.00190437 19.9998 5.1257 5.06279 
0.998724 0.0504212 0.000491574 0.00285123 19.9996 5.15713 5.07846 
0.998696 0.0509046 -0.000256918 0.00373007 19.9994 5.18856 5.0941 
0.998669 0.0513611 0.000182552 0.00464414 19.9992 5.21998 5.10973 
0.99865 0.0516337 0.00043299 0.00552063 19.9989 5.2514 5.12534 
0.99863 0.0517903 0.000736646 0.00741893 19.9986 5.28281 5.14093 
0.998635 0.051472 0.00105287 0.00881996 19.9983 5.31423 5.15648 
0.998679 0.0504071 0.000579718 0.00992056 19.9979 5.34564 5.17201 
0.998664 0.0504208 0.00191694 0.0110831 19.9974 5.37705 5.18749 
0.998705 0.0496217 0.00319041 0.0107722 19.9969 5.40845 5.20293 
0.998724 0.0490688 0.00396753 0.0112765 19.9964 5.43985 5.21832 
0.998731 0.048479 0.00551992 0.0124186 19.9958 5.47124 5.23366 
0.998736 0.0481904 0.00585203 0.0129922 19.9952 5.50262 5.24895 
0.998695 0.0488277 0.00629482 0.0135657 19.9946 5.53401 5.26418 
0.99864 0.0495562 0.00775387 0.014222 19.9939 5.56538 5.27935 
0.998628 0.0494901 0.00850667 0.0148373 19.9932 5.59675 5.29445 
0.998593 0.0498354 0.00928521 0.0155678 19.9924 5.62811 5.30948 
0.998576 0.0498833 0.00985537 0.0161037 19.9916 5.65947 5.32443 
0.998541 0.0500602 0.0101084 0.0175285 19.9908 5.69082 5.33931 
0.998479 0.0508619 0.00995699 0.0187699 19.9899 5.72216 5.3541 
0.998417 0.0518635 0.0102679 0.0191951 19.9889 5.75349 5.36881 
0.998363 0.0524361 0.011219 0.0198697 19.988 5.78483 5.38342 
0.99839 0.0517292 0.0123996 0.0196712 19.987 5.81617 5.39793 
0.998422 0.0509812 0.0125678 0.019905 19.9859 5.84752 5.41235 
0.99843 0.050408 0.0130765 0.0206227 19.9849 5.87887 5.42666 
0.998412 0.0498736 0.0139639 0.0221421 19.9837 5.91022 5.44086 
0.998354 0.0501997 0.0139597 0.0239764 19.9826 5.94157 5.45495 
0.998326 0.0502596 0.0143825 0.0247302 19.9814 5.97292 5.46893 
0.998319 0.0497856 0.014042 0.0261489 19.9802 6.00429 5.48281 
0.998336 0.048801 0.0146012 0.0270344 19.9789 6.03565 5.49658 
0.998336 0.0485718 0.0138426 0.0278087 19.9776 6.067 5.51023 
0.998289 0.0491215 0.0139365 0.0284983 19.9763 6.09834 5.52375 
0.998305 0.0484032 0.0144777 0.0288972 19.9749 6.12967 5.53715 
0.998257 0.0488638 0.0151983 0.0293921 19.9735 6.16101 5.55042 
0.998249 0.0482273 0.0152755 0.030645 19.9721 6.19234 5.56356 
0.998187 0.0492573 0.0149473 0.0311803 19.9706 6.22368 5.57657 
0.998174 0.0493119 0.0151738 0.0314139 19.9691 6.255 5.58944 
0.998139 0.0489263 0.0158565 0.0327678 19.9675 6.28633 5.60218 
0.998053 0.0498603 0.0163747 0.0336873 19.9659 6.31766 5.61477 
0.998026 0.0501522 0.0164691 0.0340114 19.9643 6.34898 5.62722 
0.997947 0.0514591 0.017044 0.0340972 19.9626 6.3803 5.63952 
0.997898 0.0519235 0.0171512 0.0347545 19.9609 6.41162 5.65166 
0.997856 0.0517235 0.0179083 0.035863 19.9592 6.44294 5.66364 
0.997809 0.0521036 0.018393 0.0363938 19.9574 6.47425 5.67545 
0.997822 0.0512978 0.0185029 0.0371001 19.9556 6.50556 5.6871 
0.997777 0.0512573 0.0194976 0.037868 19.9537 6.53687 5.69859 
0.997724 0.0513543 0.0200663 0.0388163 19.9518 6.56818 5.70992 
0.997657 0.0516427 0.0207678 0.03977 19.9499 6.59948 5.72108 
0.997645 0.0511225 0.0203788 0.0409303 19.9479 6.63078 5.73206 
0.997579 0.0511254 0.0214721 0.0419539 19.9459 6.66207 5.74285 
0.997529 0.0514178 0.0221934 0.0424165 19.9438 6.69336 5.75346 
0.997522 0.0506827 0.0224397 0.0433141 19.9417 6.72462 5.76388 
0.997451 0.0509896 0.0232461 0.044163 19.9396 6.75589 5.7741 
0.997364 0.0512002 0.0234953 0.0457291 19.9374 6.78716 5.78413 
0.997317 0.0511725 0.0235564 0.0467438 19.9351 6.81843 5.79396 
0.99723 0.0515883 0.024054 0.0478713 19.9329 6.8497 5.8036 
0.997177 0.0515114 0.0242685 0.0489452 19.9306 6.88096 5.81304 
0.997225 0.0506553 0.0242573 0.0488645 19.9282 6.91222 5.82226 
0.997169 0.050891 0.024553 0.0496111 19.9258 6.94346 5.83126 
0.99707 0.0507808 0.0261057 0.0509058 19.9234 6.9747 5.84006 
0.99698 0.0512909 0.0277169 0.0513015 19.921 7.00595 5.84865 
0.996938 0.0503996 0.0277876 0.0529395 19.9185 7.03719 5.85703 
0.996864 0.0507048 0.0277437 0.0540515 19.9159 7.06841 5.8652 
0.996847 0.0510655 0.028296 0.0537404 19.9134 7.09963 5.87316 
0.996872 0.0499624 0.0285213 0.0541866 19.9107 7.13085 5.8809 
0.996826 0.0496293 0.0281767 0.0555051 19.9081 7.16206 5.88842 
0.996776 0.0496553 0.0282638 0.0563301 19.9054 7.19326 5.89574 
0.996704 0.0499297 0.0284935 0.0572417 19.9026 7.22444 5.90284 
0.996581 0.0503305 0.0296766 0.0584047 19.8999 7.25563 5.90972 
0.996526 0.0505224 0.0309441 0.0585231 19.8971 7.2868 5.91638 
0.996391 0.0508512 0.0317862 0.0600768 19.8943 7.31796 5.92282 
0.996331 0.0508735 0.0325274 0.0606459 19.8914 7.34912 5.92903 
0.996274 0.0500441 0.0325302 0.0622493 19.8885 7.38028 5.93502 
0.996209 0.0496713 0.0324078 0.063629 19.8856 7.41142 5.94077 
0.99612 0.0496219 0.0329687 0.0647676 19.8826 7.44254 5.9463 
0.995951 0.0500371 0.0342031 0.0663859 19.8796 7.47366 5.95159 
0.99591 0.0496795 0.0354014 0.0666493 19.8766 7.50476 5.95665 
0.995843 0.0497329 0.0352408 0.0676891 19.8735 7.53587 5.96146 
0.995714 0.0493149 0.0363754 0.0692625 19.8703 7.56696 5.96603 
0.995654 0.0496067 0.0362166 0.069997 19.8672 7.59805 5.97036 
0.995562 0.0497995 0.0372294 0.0706449 19.864 7.62914 5.97446 
0.995514 0.0496444 0.0376359 0.07121 19.8607 7.66021 5.97833 
0.995497 0.0486683 0.0387353 0.0715298 19.8575 7.69129 5.98196 
0.995367 0.0486506 0.0393133 0.0730225 19.8541 7.72236 5.98533 
0.995304 0.0481498 0.0401842 0.0737337 19.8508 7.75342 5.98846 
0.995311 0.0477376 0.0401298 0.0739393 19.8473 7.78448 5.99135 
0.995222 0.0485363 0.0403777 0.0744756 19.8439 7.81553 5.99402 
0.995149 0.0479429 0.040287 0.0758648 19.8404 7.84656 5.99644 
0.995072 0.0480935 0.0396724 0.0770998 19.8369 7.87759 5.99863 
0.994997 0.0486925 0.0406358 0.0771869 19.8333 7.90861 6.00058 
0.994899 0.0485495 0.0409075 0.0783857 19.8297 7.93962 6.00228 
0.994724 0.048275 0.0411993 0.0805918 19.8261 7.97064 6.00374 
0.99468 0.0477172 0.0415478 0.0812934 19.8224 8.00166 6.00495 
0.994517 0.0484855 0.0419395 0.0826164 19.8187 8.03267 6.00591 
0.994489 0.0473699 0.042846 0.0831341 19.8149 8.06366 6.00662 
0.994366 0.0482899 0.04303 0.0839742 19.8112 8.09464 6.00708 
0.994265 0.0480263 0.0434576 0.0851001 19.8073 8.1256 6.00729 
0.994204 0.0469964 0.0439921 0.0861073 19.8035 8.15656 6.00726 
0.994097 0.0468468 0.0439442 0.0874352 19.7996 8.1875 6.00699 
0.994015 0.0472005 0.0444232 0.0879324 19.7957 8.21844 6.00647 
0.993891 0.047498 0.044787 0.0889843 19.7917 8.24936 6.00572 
0.993765 0.0479185 0.0459804 0.0895601 19.7877 8.28027 6.00472 
0.993765 0.0475972 0.0463243 0.0895477 19.7837 8.31116 6.00349 
0.993683 0.0477682 0.0470923 0.0899643 19.7796 8.34204 6.00201 
0.993638 0.0476593 0.0473127 0.0904096 19.7755 8.37292 6.00029 
0.993686 0.0471385 0.0469739 0.0903282 19.7714 8.4038 5.99833 
0.993645 0.0472891 0.0466817 0.0908531 19.7672 8.43466 5.99613 
0.993458 0.0471891 0.0475184 0.0925008 19.763 8.46552 5.99368 
0.993376 0.0469535 0.0480953 0.0931975 19.7588 8.49637 5.99099 
0.993205 0.0477176 0.0483447 0.0944944 19.7545 8.52722 5.98807 
0.993163 0.0467009 0.0478867 0.0956737 19.7502 8.55806 5.9849 
0.993054 0.0464336 0.0481582 0.096791 19.7459 8.58888 5.98149 
0.993042 0.0457936 0.048771 0.0969089 19.7415 8.61968 5.97783 
0.992954 0.0451876 0.0499257 0.0975006 19.737 8.65046 5.97393 
0.992876 0.0446997 0.0502995 0.0983335 19.7326 8.68124 5.96978 
0.992657 0.0446591 0.0516625 0.0998395 19.7281 8.71201 5.9654 
0.992546 0.0442048 0.0522074 0.100861 19.7236 8.74278 5.96078 
0.992457 0.0435901 0.0529109 0.101632 19.719 8.77354 5.95592 
0.992301 0.044168 0.0542755 0.102181 19.7144 8.8043 5.95083 
0.992125 0.0439026 0.0544332 0.103908 19.7097 8.83503 5.94551 
0.992036 0.0440168 0.0549012 0.104461 19.7051 8.86576 5.93995 
0.991873 0.0444374 0.0561161 0.105181 19.7003 8.89647 5.93416 
0.991925 0.0434693 0.055813 0.105255 19.6956 8.92718 5.92814 
0.991903 0.0431282 0.0554023 0.105819 19.6908 8.95786 5.9219 
0.991837 0.0427103 0.0570598 0.105728 19.686 8.98853 5.91544 
0.991706 0.0434198 0.0572956 0.106542 19.6811 9.01918 5.90875 
0.991504 0.0434001 0.0583203 0.107865 19.6762 9.04981 5.90185 
0.991373 0.0434047 0.0588956 0.108745 19.6713 9.08042 5.89474 
0.9913 0.0438065 0.0587729 0.10932 19.6664 9.11103 5.88741 
0.99113 0.043481 0.0591692 0.110767 19.6614 9.14162 5.87986 
0.991045 0.042938 0.0593538 0.111633 19.6564 9.17219 5.8721 
0.990931 0.0426754 0.0600139 0.112398 19.6513 9.20275 5.86411 
0.990862 0.0424154 0.0605322 0.112826 19.6462 9.23329 5.85593 
0.990704 0.0427206 0.0605849 0.114063 19.6411 9.26383 5.84753 
0.990665 0.0421631 0.0612805 0.11423 19.6359 9.29436 5.83892 
0.990517 0.0421334 0.0617353 0.11528 19.6307 9.32487 5.8301 
0.990383 0.0419762 0.0620745 0.116298 19.6255 9.35536 5.82107 
0.990428 0.0411127 0.0617565 0.116395 19.6202 9.38584 5.81184 
0.990312 0.0409883 0.0625008 0.117025 19.6149 9.41631 5.80244 
0.990239 0.0408031 0.0631303 0.117367 19.6095 9.44676 5.79284 
0.99018 0.0400198 0.0637396 0.117808 19.6042 9.47721 5.78304 
0.990119 0.039413 0.0640999 0.118326 19.5987 9.50764 5.77305 
0.989996 0.0389778 0.0647433 0.119146 19.5933 9.53806 5.76287 
0.990078 0.0391624 0.0634707 0.119094 19.5878 9.56846 5.75251 
0.989959 0.0385145 0.0646395 0.11966 19.5823 9.59886 5.74196 
0.989787 0.0389275 0.0649852 0.120759 19.5767 9.62924 5.73122 
0.989654 0.0389751 0.0657081 0.121439 19.5711 9.6596 5.72031 
0.989489 0.038182 0.0670936 0.122275 19.5654 9.68995 5.70922 
0.989414 0.0370587 0.0672269 0.123149 19.5598 9.72029 5.69796 
0.989173 0.0363614 0.0688297 0.124402 19.5541 9.75061 5.68654 
0.989138 0.0360192 0.0685882 0.124917 19.5483 9.78092 5.67494 
0.989106 0.0346322 0.0685581 0.125572 19.5425 9.81122 5.66317 
0.988964 0.0342491 0.0689662 0.126573 19.5367 9.84149 5.65124 
0.988739 0.0338803 0.0695177 0.128119 19.5308 9.87176 5.63914 
0.988639 0.0343316 0.0687517 0.129181 19.5249 9.902 5.62689 
0.988534 0.0341109 0.0686081 0.130115 19.519 9.93223 5.61448 
0.988498 0.0341692 0.0690821 0.130123 19.513 9.96244 5.60191 
0.988331 0.0331034 0.0695579 0.131408 19.507 9.99264 5.5892 
0.98824 0.032043 0.0700318 0.132095 19.501 10.0228 5.57635 
0.988162 0.0321872 0.0700593 0.132632 19.4949 10.053 5.56335 
0.988059 0.0318134 0.0702666 0.133375 19.4888 10.0831 5.55023 
0.987963 0.0317003 0.0711503 0.133646 19.4827 10.1133 5.53698 
0.987912 0.0310249 0.0709086 0.13431 19.4765 10.1434 5.52359 
0.987835 0.0295522 0.0708705 0.135227 19.4703 10.1735 5.51006 
0.987816 0.0294182 0.0707856 0.135438 19.464 10.2036 5.49641 
0.987794 0.0286221 0.0704394 0.13595 19.4577 10.2337 5.48264 
0.987766 0.0285486 0.070368 0.136204 19.4514 10.2637 5.46874 
0.987619 0.0280631 0.0702125 0.137444 19.445 10.2938 5.45474 
0.987406 0.0283923 0.0699757 0.13902 19.4386 10.3238 5.44063 
0.98719 0.0291933 0.0702116 0.140265 19.4321 10.3538 5.42642 
0.987126 0.0283238 0.0703266 0.14083 19.4256 10.3838 5.41211 
0.987126 0.027783 0.0709494 0.140626 19.4191 10.4138 5.39769 
0.987002 0.0281353 0.0708581 0.141474 19.4125 10.4438 5.38318 
0.986918 0.0285739 0.0703512 0.142223 19.4059 10.4737 5.36857 
0.986797 0.0282029 0.0699982 0.143306 19.3993 10.5036 5.35388 
0.986483 0.0278182 0.0706952 0.145189 19.3926 10.5335 5.3391 
0.986233 0.0280138 0.0709873 0.146697 19.3858 10.5634 5.32424 
0.986116 0.0278695 0.0718427 0.147094 19.3791 10.5933 5.30929 
0.986054 0.0275497 0.0726731 0.147163 19.3723 10.6232 5.29426 
0.985945 0.0277145 0.0727646 0.147814 19.3654 10.653 5.27915 
0.985644 0.0273321 0.0733887 0.149573 19.3585 10.6828 5.26397 
0.985234 0.0270103 0.074283 0.151877 19.3516 10.7126 5.24873 
0.985156 0.0281737 0.0747602 0.151936 19.3446 10.7424 5.23343 
0.984978 0.0280142 0.0745125 0.153235 19.3376 10.7722 5.21806 
0.984887 0.0279343 0.0750152 0.153587 19.3305 10.802 5.20265 
0.984718 0.0275774 0.0762647 0.154123 19.3235 10.8317 5.18717 
0.984638 0.0274001 0.0763517 0.154618 19.3164 10.8614 5.17164 
0.984468 0.0273705 0.0763503 0.155703 19.3093 10.8911 5.15606 
0.984226 0.027877 0.0764024 0.157113 19.3021 10.9208 5.14045 
0.984102 0.0278923 0.0757924 0.158181 19.2949 10.9504 5.12479 
0.984161 0.02735 0.0757498 0.157929 19.2877 10.98 5.10911 
0.984022 0.0270942 0.0765501 0.158448 19.2804 11.0096 5.09342 
0.983899 0.0258177 0.0772088 0.159104 19.2731 11.0391 5.07771 
0.983849 0.0256458 0.0782227 0.15895 19.2658 11.0687 5.06197 
0.983523 0.0255677 0.0789916 0.160587 19.2584 11.0982 5.04621 
0.983269 0.0249278 0.0793645 0.162056 19.2509 11.1277 5.03044 
0.983166 0.024651 0.0793908 0.162708 19.2434 11.1572 5.01467 
0.98313 0.0235064 0.0787659 0.163396 19.2359 11.1867 4.99888 
0.982891 0.0239338 0.0797133 0.164312 19.2283 11.2162 4.9831 
0.982884 0.0237446 0.0802359 0.164122 19.2207 11.2456 4.96733 
0.98265 0.0241363 0.0805374 0.165317 19.2131 11.275 4.95157 
0.982306 0.024164 0.0813115 0.166968 19.2054 11.3044 4.93582 
0.982224 0.0243259 0.0814104 0.167379 19.1976 11.3338 4.92008 
0.982108 0.0227273 0.0826016 0.1677 19.1899 11.3631 4.90436 
0.981996 0.0219656 0.0817933 0.16885 19.182 11.3925 4.88865 
0.981832 0.0212946 0.0823201 0.169635 19.1742 11.4218 4.87297 
0.981735 0.0208635 0.0823753 0.17022 19.1663 11.451 4.85732 
0.981613 0.0212725 0.0833753 0.170387 19.1583 11.4803 4.8417 
0.981503 0.020543 0.0831547 0.171217 19.1503 11.5095 4.82612 
0.981375 0.0202576 0.083866 0.171636 19.1423 11.5387 4.81057 
0.981187 0.0196283 0.0845747 0.172432 19.1343 11.5679 4.79507 
0.981046 0.0200772 0.0853089 0.172825 19.1262 11.597 4.77961 
0.980658 0.0204567 0.0861323 0.174561 19.1181 11.6261 4.7642 
0.980498 0.0205835 0.0867762 0.175128 19.1099 11.6552 4.74887 
0.980292 0.0201864 0.0873846 0.176021 19.1017 11.6842 4.7336 
0.980188 0.0196311 0.0869646 0.176871 19.0935 11.7133 4.7184 
0.980196 0.0188795 0.0862887 0.177236 19.0852 11.7423 4.70327 
0.980027 0.0188755 0.0858936 0.178362 19.0769 11.7712 4.68822 
0.979734 0.0185013 0.0860219 0.179943 19.0685 11.8002 4.67326 
0.979603 0.0181361 0.085953 0.180721 19.0601 11.8291 4.65838 
0.979527 0.0172795 0.085219 0.181566 19.0517 11.858 4.64359 
0.979298 0.016995 0.0866101 0.182166 19.0432 11.8868 4.62889 
0.979091 0.0162421 0.0874532 0.182946 19.0347 11.9156 4.61428 
0.978766 0.0157522 0.0873643 0.184757 19.0261 11.9444 4.59977 
0.978647 0.0150805 0.0873211 0.185463 19.0175 11.9732 4.58537 
0.978477 0.0148929 0.0878158 0.186142 19.0089 12.002 4.57105 
0.978202 0.0146611 0.0885671 0.187247 19.0002 12.0307 4.55684 
0.978165 0.0145114 0.0886721 0.1874 18.9915 12.0594 4.54273 
0.978074 0.0148421 0.0889198 0.187731 18.9827 12.0881 4.52874 
0.977732 0.0142815 0.0895815 0.189237 18.9739 12.1168 4.51487 
0.977565 0.0142831 0.0891964 0.190277 18.9651 12.1454 4.50113 
0.977262 0.0133292 0.0896905 0.191668 18.9563 12.174 4.48751 
0.977162 0.0138462 0.0898998 0.192045 18.9474 12.2026 4.47402 
0.977041 0.014551 0.0894793 0.192803 18.9384 12.2311 4.46065 
0.976848 0.0137812 0.0889455 0.194076 18.9294 12.2596 4.44741 
0.976593 0.0140008 0.089452 0.195108 18.9204 12.2881 4.43431 
0.976444 0.0135303 0.0891863 0.196008 18.9114 12.3166 4.42134 
0.976228 0.01276 0.0897077 0.196896 18.9023 12.345 4.40851 
0.975958 0.0128883 0.0892407 0.198431 18.8931 12.3734 4.39582 
0.975642 0.0124525 0.0886163 0.200285 18.884 12.4018 4.3833 
0.975713 0.0123654 0.0883697 0.200052 18.8748 12.4302 4.37092 
0.97562 0.012556 0.0889604 0.200232 18.8655 12.4585 4.3587 
0.975281 0.012292 0.0889381 0.201905 18.8562 12.4868 4.34663 
0.975035 0.0121802 0.0884446 0.203313 18.8469 12.515 4.33473 
0.974797 0.0123102 0.0879473 0.204658 18.8376 12.5433 4.323 
0.974519 0.0112723 0.0882709 0.205896 18.8282 12.5715 4.31144 
0.974383 0.0115832 0.0876507 0.206787 18.8188 12.5996 4.30006 
0.974255 0.0112965 0.0875212 0.20746 18.8094 12.6277 4.28886 
0.974198 0.0116935 0.0867926 0.208011 18.7999 12.6558 4.27783 
0.974249 0.0117811 0.0859056 0.208136 18.7904 12.6839 4.26697 
0.974062 0.0104985 0.0856128 0.209197 18.7808 12.7119 4.25628 
0.973802 0.0101086 0.0853787 0.210517 18.7713 12.7399 4.24577 
0.973554 0.009873 0.0854813 0.211631 18.7616 12.7679 4.23545 
0.973415 0.00963521 0.0849835 0.212478 18.752 12.7958 4.22532 
0.973247 0.0094511 0.0847954 0.21333 18.7422 12.8236 4.21538 
0.973039 0.00910298 0.0852756 0.214101 18.7325 12.8515 4.20563 
0.972854 0.00891829 0.0859187 0.214693 18.7227 12.8793 4.19607 
0.972713 0.00843141 0.0859641 0.215332 18.7129 12.907 4.18671 
0.972384 0.00849913 0.0863076 0.216673 18.7031 12.9348 4.17756 
0.972068 0.00765156 0.0867109 0.217959 18.6932 12.9624 4.16861 
0.971914 0.00663803 0.0870135 0.218556 18.6832 12.9901 4.15988 
0.971689 0.00640637 0.0871516 0.219507 18.6732 13.0177 4.15134 
0.971597 0.00615946 0.0875599 0.21976 18.6632 13.0453 4.14301 
0.971682 0.00581745 0.0870022 0.219616 18.6532 13.0729 4.13489 
0.971728 0.00432405 0.0867532 0.219544 18.6431 13.1004 4.12698 
0.971538 0.00442155 0.0870577 0.22026 18.6329 13.1279 4.11928 
0.971207 0.00359471 0.0873222 0.221625 18.6227 13.1553 4.1118 
0.970954 0.00272098 0.0873789 0.222722 18.6125 13.1827 4.10454 
0.970853 0.00223164 0.0874472 0.223142 18.6023 13.2101 4.09749 
0.970521 0.00206199 0.0879875 0.224373 18.592 13.2375 4.09066 
0.970325 0.00249639 0.0883095 0.225085 18.5817 13.2648 4.08404 
0.970203 0.00178284 0.0885691 0.225517 18.5713 13.292 4.07765 
0.970025 0.00128606 0.0895023 0.225917 18.5609 13.3192 4.07148 
0.969832 0.00141927 0.0894952 0.226745 18.5505 13.3464 4.06553 
0.969849 0.000986361 0.0896663 0.226606 18.54 13.3736 4.05982 
0.969574 0.00142649 0.0896743 0.227777 18.5295 13.4007 4.05433 
0.969216 0.00149909 0.0888084 0.22963 18.5189 13.4278 4.04906 
0.969142 0.00165561 0.0880813 0.230224 18.5083 13.4548 4.04403 
0.968835 0.000938238 0.0883079 0.23143 18.4977 13.4818 4.03923 
0.968838 0.00120045 0.0879458 0.231552 18.487 13.5088 4.03467 
0.968904 0.00034754 0.0882666 0.231157 18.4763 13.5357 4.03033 
0.96876 0.00103139 0.0882309 0.231773 18.4656 13.5626 4.02624 
0.968792 0.000514428 0.088387 0.23158 18.4548 13.5895 4.02239 
0.968525 0.000642346 0.0880208 0.232832 18.444 13.6163 4.01879 
0.968457 -0.000117984 0.0879422 0.233146 18.4331 13.6431 4.01544 
0.968225 -0.000617093 0.0877494 0.23418 18.4223 13.6698 4.01232 
0.968394 -0.00183629 0.0876974 0.23349 18.4113 13.6965 4.00945 
0.968226 -0.0023112 0.0871102 0.234403 18.4004 13.7232 4.00683 
0.967836 -0.00269945 0.0870856 0.23601 18.3894 13.7499 4.00445 
0.967663 -0.0031543 0.0871242 0.236699 18.3783 13.7764 4.00232 
0.967171 -0.00348883 0.0866236 0.238879 18.3673 13.803 4.00044 
0.966973 -0.00371993 0.0867134 0.239645 18.3562 13.8295 3.99881 
0.966592 -0.00451054 0.0863961 0.241275 18.345 13.856 3.99743 
0.966307 -0.00562358 0.0868134 0.242242 18.3339 13.8825 3.99629 
0.966015 -0.00588931 0.087164 0.243274 18.3226 13.9089 3.9954 
0.9658 -0.00598927 0.0867349 0.244275 18.3114 13.9352 3.99475 
0.96527 -0.00630645 0.0877345 0.246001 18.3001 13.9616 3.99435 
0.965089 -0.00591846 0.0884283 0.246472 18.2887 13.9879 3.9942 
0.964878 -0.00676456 0.0878462 0.247484 18.2774 14.0141 3.99429 
0.964631 -0.00699627 0.0877 0.24849 18.266 14.0403 3.99463 
0.964235 -0.00645917 0.087346 0.250159 18.2545 14.0665 3.99522 
0.963983 -0.00597494 0.0875393 0.251074 18.243 14.0926 3.99606 
0.964036 -0.00537748 0.0876881 0.250832 18.2315 14.1187 3.99714 
0.963818 -0.00527228 0.0872001 0.251838 18.2199 14.1448 3.99846 
0.963895 -0.0064672 0.0863371 0.251812 18.2083 14.1708 4.00002 
0.963947 -0.00693855 0.0863243 0.251605 18.1966 14.1968 4.00181 
0.963903 -0.0064896 0.0863888 0.251763 18.1849 14.2227 4.00385 
0.963701 -0.00649359 0.0868789 0.252367 18.1732 14.2485 4.00612 
0.963395 -0.00602461 0.0865515 0.253659 18.1614 14.2743 4.00864 
0.963396 -0.00607044 0.0864883 0.253674 18.1495 14.3001 4.01139 
0.963212 -0.00673327 0.0868213 0.254242 18.1377 14.3258 4.01437 
0.963085 -0.00746812 0.086685 0.254749 18.1258 14.3515 4.01759 
0.962968 -0.00764884 0.0868084 0.255143 18.1138 14.3772 4.02106 
0.962643 -0.00820004 0.0872505 0.256199 18.1019 14.4028 4.02478 
0.962289 -0.00929722 0.0867544 0.257657 18.0899 14.4283 4.02874 
0.961804 -0.0103391 0.086996 0.259341 18.0778 14.4538 4.03294 
0.961757 -0.0106906 0.0874943 0.259333 18.0658 14.4792 4.03738 
0.961641 -0.0103968 0.0872037 0.259871 18.0537 14.5046 4.04204 
0.961415 -0.0107056 0.0867318 0.260852 18.0415 14.53 4.04694 
0.961132 -0.0118168 0.0869923 0.261759 18.0294 14.5554 4.05206 
0.960789 -0.0127596 0.0867459 0.263052 18.0171 14.5806 4.05742 
0.960568 -0.013077 0.0858225 0.264143 18.0049 14.6059 4.06301 
0.960542 -0.0133186 0.0851392 0.264447 17.9926 14.6311 4.06882 
0.960306 -0.0137073 0.0854237 0.265194 17.9803 14.6562 4.07487 
0.959865 -0.0138629 0.0846764 0.267016 17.9679 14.6814 4.08114 
0.959263 -0.0150528 0.0846157 0.269125 17.9555 14.7064 4.08764 
0.958904 -0.0157298 0.0848168 0.270297 17.9431 14.7315 4.09437 
0.959008 -0.0163022 0.0841795 0.270096 17.9306 14.7565 4.10132 
0.958795 -0.014652 0.0844851 0.27085 17.9181 14.7814 4.10849 
0.958486 -0.014869 0.0841519 0.272034 17.9056 14.8063 4.11587 
0.958311 -0.0151888 0.0833911 0.272862 17.893 14.8312 4.12347 
0.958452 -0.0154364 0.0825713 0.272606 17.8804 14.856 4.13128 
0.958265 -0.0156157 0.0821635 0.273372 17.8677 14.8807 4.13929 
0.958027 -0.0166323 0.081961 0.274206 17.8551 14.9054 4.14752 
0.957762 -0.0161602 0.081764 0.275217 17.8423 14.9301 4.15595 
0.957617 -0.0158921 0.0812299 0.275895 17.8296 14.9548 4.16459 
0.957677 -0.0171581 0.0811682 0.27563 17.8168 14.9793 4.17344 
0.957842 -0.0170271 0.0806114 0.275229 17.804 15.0039 4.18249 
0.95746 -0.0170858 0.0803178 0.276636 17.7911 15.0284 4.19176 
0.957301 -0.0166825 0.0802481 0.277231 17.7782 15.0528 4.20122 
0.957435 -0.0156082 0.079324 0.277094 17.7653 15.0772 4.21089 
0.957084 -0.0161265 0.0791423 0.278328 17.7523 15.1016 4.22074 
0.956773 -0.015746 0.0793556 0.279356 17.7393 15.1259 4.23079 
0.956578 -0.0163392 0.079709 0.279889 17.7262 15.1501 4.24101 
0.956579 -0.0164327 0.0791469 0.280039 17.7131 15.1744 4.25143 
0.956365 -0.0156709 0.0791297 0.280817 17.7 15.1985 4.26202 
0.956043 -0.0165602 0.0784156 0.282061 17.6869 15.2227 4.27278 
0.955786 -0.0163807 0.0784865 0.282921 17.6737 15.2468 4.28372 
0.955306 -0.0173943 0.0787442 0.284405 17.6604 15.2708 4.29483 
0.95512 -0.0170107 0.0791526 0.284942 17.6471 15.2948 4.3061 
0.954913 -0.0178163 0.0797954 0.285404 17.6338 15.3188 4.31754 
0.954883 -0.017376 0.0796583 0.285572 17.6205 15.3427 4.32914 
0.95444 -0.017989 0.0799688 0.286923 17.6071 15.3665 4.3409 
0.954072 -0.0186726 0.080975 0.28782 17.5937 15.3903 4.35283 
0.953993 -0.0196665 0.0798969 0.288318 17.5802 15.4141 4.3649 
0.953896 -0.0201695 0.0804023 0.288461 17.5667 15.4379 4.37713 
0.953712 -0.0206532 0.0800791 0.289126 17.5532 15.4616 4.3895 
0.953361 -0.0209325 0.0797607 0.290348 17.5396 15.4852 4.40202 
0.953205 -0.0199281 0.0792103 0.291082 17.526 15.5088 4.41468 
0.953067 -0.0202346 0.0795049 0.291431 17.5124 15.5324 4.42746 
0.952839 -0.019858 0.0784609 0.292483 17.4988 15.5559 4.44038 
0.95253 -0.021007 0.0780554 0.293515 17.4851 15.5794 4.45342 
0.952232 -0.0212482 0.0777805 0.294538 17.4713 15.6028 4.46658 
0.952158 -0.0211526 0.0778053 0.294777 17.4576 15.6262 4.47987 
0.951895 -0.0215199 0.0771508 0.295771 17.4437 15.6496 4.49327 
0.951566 -0.0217467 0.0770449 0.296839 17.4299 15.6729 4.50679 
0.951467 -0.0216483 0.0759231 0.297452 17.416 15.6961 4.52044 
0.951308 -0.0221023 0.0747128 0.298232 17.4021 15.7193 4.5342 
0.950964 -0.0224209 0.0745199 0.299351 17.3882 15.7425 4.54806 
0.950547 -0.0224094 0.0746923 0.30063 17.3741 15.7656 4.56202 
0.950275 -0.022599 0.0743227 0.301567 17.3601 15.7887 4.57608 
0.950209 -0.0219986 0.0743165 0.30182 17.346 15.8117 4.59024 
0.949927 -0.0222668 0.0734105 0.302909 17.3319 15.8347 4.60449 
0.949549 -0.0225188 0.0741858 0.303883 17.3178 15.8577 4.61883 
0.949547 -0.0223562 0.0736859 0.304024 17.3036 15.8806 4.63326 
0.949317 -0.0222505 0.0728835 0.304941 17.2895 15.9034 4.64776 
0.949185 -0.0226745 0.07253 0.305405 17.2752 15.9263 4.66235 
0.948822 -0.0227144 0.0713032 0.306816 17.261 15.9491 4.67701 
0.948728 -0.0236572 0.0705676 0.307205 17.2467 15.9718 4.69175 
0.948532 -0.0242806 0.0698202 0.307931 17.2323 15.9945 4.70656 
0.948245 -0.0238992 0.0697444 0.308862 17.2179 16.0171 4.72142 
0.947828 -0.0242811 0.0695513 0.310152 17.2035 16.0397 4.73635 
0.94743 -0.0246367 0.0698317 0.311275 17.1891 16.0622 4.75133 
0.947281 -0.0254792 0.0696223 0.311707 17.1746 16.0847 4.76635 
0.947219 -0.0258736 0.0680259 0.312216 17.16 16.1072 4.78141 
0.946813 -0.025965 0.0675701 0.313535 17.1455 16.1296 4.79652 
0.946665 -0.0256012 0.0675197 0.314023 17.1309 16.1519 4.81167 
0.946461 -0.0260164 0.0670568 0.314701 17.1163 16.1742 4.82686 
0.946012 -0.0262745 0.0661628 0.316216 17.1016 16.1965 4.84208 
0.945812 -0.0256755 0.0664651 0.3168 17.0869 16.2187 4.85734 
0.945485 -0.0264748 0.0655013 0.31791 17.0722 16.2409 4.87262 
0.945306 -0.0249445 0.0645362 0.318761 17.0574 16.263 4.88792 
0.945175 -0.025368 0.0636256 0.319298 17.0426 16.2851 4.90325 
0.944883 -0.0254647 0.0635446 0.32017 17.0278 16.3071 4.9186 
0.944676 -0.0250385 0.0634117 0.32084 17.0129 16.3291 4.93395 
0.944033 -0.0245387 0.0631449 0.322818 16.998 16.351 4.94932 
0.943941 -0.0241248 0.0628936 0.323168 16.983 16.3729 4.96469 
