0.00117164 6.64374e-05 
0.00295505 0.000360639 
0.00369103 0.000774389 
0.00455832 0.00131262 
0.00657078 0.00206078 
0.00702127 0.00294138 
0.00760761 0.00394662 
0.00754916 0.00516586 
0.00727379 0.00650059 
0.00765885 0.00804037 
0.00619281 0.00960933 
0.00377631 0.0114909 
0.00295601 0.0133961 
0.000846797 0.015518 
0.00151523 0.017858 
0.00204855 0.0202362 
0.00388943 0.0228252 
0.0046078 0.0256258 
0.00571499 0.0285455 
0.00644396 0.0315837 
0.00596575 0.0345557 
0.00653415 0.0370768 
0.00852756 0.039151 
0.0101585 0.0408721 
0.0103334 0.0421454 
0.00949592 0.0429743 
0.00905086 0.0434518 
0.00878396 0.0434844 
0.00841789 0.0431658 
0.00875553 0.04241 
0.00742211 0.0412201 
0.00695833 0.0395943 
0.00515465 0.0376218 
0.00562317 0.0353032 
0.00495849 0.0325443 
0.00610469 0.029351 
0.00554922 0.0257263 
0.00603888 0.0217649 
0.00592457 0.0174051 
0.00630895 0.0127851 
0.00785723 0.00838819 
0.0077083 0.00513619 
0.00997584 0.00453437 
0.0106283 0.00647919 
0.0104344 0.00899078 
0.0111438 0.0114629 
0.0093905 0.0134897 
0.00971625 0.0152461 
0.0100016 0.0165423 
0.0107636 0.0174615 
0.00919159 0.0179197 
0.00980963 0.0179994 
0.0105353 0.0176254 
0.00911848 0.0169705 
0.0100701 0.0158802 
0.0104945 0.0143746 
0.0102184 0.0126005 
0.011196 0.0106401 
0.0110896 0.0087171 
0.00873711 0.00749273 
0.00888598 0.00774007 
0.00970887 0.00909519 
0.011388 0.0107246 
0.0098485 0.0122053 
0.00991533 0.0134483 
0.00973004 0.0142981 
0.00730708 0.0148181 
0.00639552 0.0149102 
0.00637495 0.0145925 
0.00703146 0.0140086 
0.00806379 0.0131577 
0.00819154 0.0121941 
0.00938972 0.0114382 
0.00937495 0.0112236 
0.00837294 0.0120058 
0.00844061 0.0139829 
0.00886629 0.0171238 
0.0106643 0.0212753 
0.00957957 0.0262091 
0.00985383 0.0317943 
0.0104256 0.0375749 
0.0102674 0.0430245 
0.0102739 0.048098 
0.00955158 0.0526825 
0.0080364 0.056847 
0.00897662 0.0605097 
0.00881568 0.0637453 
0.00705151 0.0665444 
0.00739433 0.0688975 
0.00662642 0.070734 
0.00623709 0.0720513 
0.0067223 0.0729248 
0.00670204 0.0733533 
0.00782668 0.0733344 
0.00692713 0.0727984 
0.00835252 0.0718222 
0.00736901 0.0703341 
0.00797888 0.0684266 
0.0080571 0.066099 
0.00760096 0.0632676 
0.0077515 0.0604163 
0.00774982 0.0579402 
0.00842015 0.0557517 
0.00967234 0.0539231 
0.00860193 0.0523662 
0.00920169 0.0512092 
0.00874391 0.0502422 
0.00679534 0.0496592 
0.00606666 0.049332 
0.00701145 0.0492623 
0.00714226 0.049564 
0.00835982 0.0501108 
0.00646506 0.0509036 
0.00656642 0.0520204 
0.00561109 0.0534583 
0.00646255 0.0552241 
0.00641977 0.0572532 
0.0088853 0.0596079 
0.00942503 0.0622262 
0.0100997 0.0651868 
0.0115518 0.0681952 
0.0118536 0.0708705 
0.0116945 0.0732928 
0.0131297 0.0754571 
0.0109583 0.0772678 
0.00922088 0.0788155 
0.0107471 0.0800082 
0.0104682 0.0809342 
0.0119678 0.0815805 
0.0123511 0.0818689 
0.0114909 0.081885 
0.0120021 0.0816342 
0.0115539 0.0810416 
0.0119014 0.0801881 
0.0116424 0.0790669 
0.0119065 0.0776126 
0.0114192 0.0759011 
0.0119141 0.0739428 
0.0121688 0.0716878 
0.00995634 0.0691915 
0.0107442 0.0667033 
0.0110226 0.0645903 
0.0111978 0.0628494 
0.0111685 0.0614073 
0.0119991 0.0603205 
0.00886094 0.059572 
0.010205 0.0591076 
0.0111527 0.058973 
0.0121972 0.0590992 
0.014074 0.0595417 
0.013868 0.0602965 
0.0167976 0.0613763 
0.0158317 0.0627228 
0.0154254 0.0644024 
0.0161221 0.0663695 
0.0177327 0.0686768 
0.0167769 0.0713302 
0.0167329 0.0743017 
0.0162081 0.0776389 
0.0174597 0.0812773 
0.0177993 0.0850813 
0.0171685 0.088629 
0.0171718 0.0919195 
0.0175369 0.0950251 
0.0168365 0.0979348 
0.0172266 0.100531 
0.0160994 0.103045 
0.0154245 0.105174 
0.0143716 0.107171 
0.0146892 0.108929 
0.0147947 0.110362 
0.0149884 0.111615 
0.0149502 0.11255 
0.0144657 0.113347 
0.0138234 0.113824 
0.0125094 0.114097 
0.0123754 0.114218 
0.014818 0.114019 
0.0159738 0.113574 
0.0161997 0.112904 
0.0156432 0.112126 
0.0147269 0.11129 
0.0163384 0.110427 
0.0191612 0.109482 
0.0176208 0.108528 
0.0173886 0.107484 
0.0166377 0.1064 
0.0173104 0.105239 
0.0163025 0.104045 
0.015972 0.10278 
0.0161762 0.101487 
0.0152525 0.10012 
0.0128899 0.0987214 
0.0128053 0.0972259 
0.0133498 0.0957074 
0.0129252 0.0941185 
0.0143619 0.0924562 
0.0154384 0.0907742 
0.0147774 0.0890753 
0.0143108 0.0872976 
0.0143406 0.0857331 
0.0131314 0.0843425 
0.0129209 0.083201 
0.014447 0.0823459 
0.0133083 0.0817852 
0.014469 0.0814551 
0.0138383 0.0814176 
0.0143143 0.0816683 
0.0137959 0.082103 
0.01297 0.0828268 
0.0126961 0.0838143 
0.0125231 0.0850482 
0.013215 0.0865349 
0.0125142 0.088366 
0.0140829 0.0904392 
0.0140147 0.0927608 
0.0145629 0.0953299 
0.0137261 0.098214 
0.0120722 0.101422 
0.0118967 0.104893 
0.0128718 0.108356 
0.012216 0.111606 
0.0116149 0.114624 
0.0115369 0.117352 
0.0120227 0.119796 
0.0131658 0.121994 
0.0127051 0.123959 
0.0123084 0.125558 
0.0129587 0.126988 
0.011475 0.12811 
0.0101757 0.128919 
0.0116715 0.129428 
0.0107184 0.129748 
0.0121002 0.129775 
0.0108108 0.129489 
0.0092383 0.128966 
0.0087221 0.128125 
0.00910492 0.126988 
0.00836476 0.125673 
0.00885642 0.123998 
0.00916352 0.122385 
0.0103001 0.120877 
0.00812813 0.119614 
0.00780409 0.118585 
0.00912979 0.117731 
0.00960348 0.117038 
0.0101939 0.116572 
0.0111676 0.116332 
0.0108499 0.116202 
0.0104648 0.116355 
0.00971144 0.116687 
0.00826092 0.117189 
0.00817284 0.117946 
0.00909851 0.118888 
0.00963989 0.120001 
0.0096385 0.12141 
0.00966146 0.122948 
0.00946316 0.124737 
0.00915238 0.126761 
0.00875764 0.128966 
0.0102538 0.131087 
0.0115264 0.1329 
0.0115436 0.134406 
0.0120779 0.135479 
0.0114235 0.13631 
0.00942611 0.136777 
0.00853176 0.136873 
0.00838747 0.136657 
0.0101561 0.136011 
0.0114244 0.135171 
0.0111748 0.133833 
0.0122254 0.132252 
0.0118308 0.130307 
0.0118103 0.12799 
0.0121063 0.125363 
0.0119317 0.122431 
0.0107604 0.119137 
0.010963 0.115481 
0.0124055 0.11148 
0.0118588 0.107255 
0.0128699 0.103008 
0.0113162 0.0990543 
0.00908864 0.0954441 
0.00866983 0.09206 
0.00674816 0.0890025 
0.00787707 0.0863342 
0.00684663 0.0838705 
0.00739847 0.0817339 
0.0043174 0.0799282 
0.00491355 0.078329 
0.00658294 0.0770474 
0.00642179 0.0760767 
0.00951307 0.0753471 
0.00950357 0.074933 
0.0113643 0.0747558 
0.011627 0.074842 
0.0120293 0.0751695 
0.0126334 0.0758645 
0.0144149 0.0768085 
0.0140181 0.0780219 
0.0147594 0.0792474 
0.0156785 0.080075 
0.0181657 0.080724 
0.0191478 0.0809287 
0.018039 0.0808868 
0.0192326 0.0804465 
0.017761 0.0797892 
0.0161793 0.0787864 
0.0158942 0.0774808 
0.015999 0.0758944 
0.0181094 0.0739431 
0.017395 0.0718482 
0.0168957 0.0694193 
0.0164265 0.0667308 
0.0161544 0.0638036 
0.0166778 0.06072 
0.0179743 0.0574713 
0.0197692 0.0541566 
0.0184641 0.0508062 
0.0187098 0.0476614 
0.0190387 0.0449985 
0.0186851 0.0430954 
0.0193823 0.0417616 
0.02 0.0409929 
0.0190398 0.0405327 
0.0186075 0.0402766 
0.02076 0.0401442 
0.0230094 0.0400575 
0.0234835 0.0400373 
0.0213256 0.0399247 
0.0216192 0.0398355 
0.022358 0.039824 
0.0224141 0.03997 
0.0204508 0.0403688 
0.0204486 0.0411597 
0.0199621 0.0424921 
0.0207815 0.0444764 
0.0210485 0.0472581 
0.0181428 0.0509157 
0.0164556 0.0554314 
0.0180842 0.0603192 
0.0186954 0.0649477 
0.0196367 0.06893 
0.0202371 0.0724071 
0.021475 0.0751923 
0.0206571 0.077268 
0.0204512 0.0786389 
0.0220717 0.0792227 
0.0223999 0.0791308 
0.0232142 0.0782598 
0.0232517 0.0766094 
0.0236775 0.074317 
0.022372 0.0712909 
0.0226669 0.0676522 
0.0230713 0.0634604 
0.0226757 0.0587171 
0.0216677 0.0537079 
0.0203947 0.0487043 
0.0201741 0.0441747 
0.0211301 0.0407653 
0.0222265 0.0394744 
0.0208478 0.0403212 
0.0217977 0.0425544 
0.0205131 0.0454819 
0.0204055 0.0486604 
0.0193901 0.0516475 
0.0191605 0.0542307 
0.0190984 0.0563584 
0.0190141 0.057835 
0.0186899 0.0586333 
0.0185735 0.0586684 
0.0189578 0.0580885 
0.0188101 0.0567962 
0.0183247 0.054922 
0.0185047 0.0524704 
0.0179685 0.0495386 
0.0169589 0.0463219 
0.0172417 0.0432076 
0.015997 0.0405517 
0.0170926 0.0389946 
0.0155509 0.0391372 
0.0150463 0.0408883 
0.015454 0.043636 
0.0157962 0.046914 
0.0157351 0.05032 
0.0143043 0.05375 
0.0141779 0.0569095 
0.0151308 0.059649 
0.0145404 0.0620672 
0.014086 0.0639657 
0.0156408 0.0653621 
0.0151099 0.0661946 
0.0156145 0.0665926 
0.0170422 0.066377 
0.0166842 0.0656447 
0.0164544 0.0643231 
0.0163071 0.0625158 
0.0187178 0.0602128 
0.0181595 0.0574951 
0.0181373 0.0543342 
