0.998742 0.0501434 0.000443195 0.000205865 20.0001 5.03144 5.01572 0.444746 6.4435 3.1484 -0.320431 -0.360602 -0.262343 -6.03919 -1.86687 -1.30917 
0.998722 0.0505373 0.000400684 0.000332742 20.0002 5.06294 5.03148 0.444746 6.4435 3.1484 -0.320431 -0.360602 -0.262343 -6.03919 -1.86687 -1.30917 
0.998734 0.050278 0.000784998 0.000660341 20.0005 5.09448 5.04725 0.444746 6.4435 3.1484 -0.320431 -0.360602 -0.262343 -6.03919 -1.86687 -1.30917 
0.998693 0.0510772 0.000872036 0.00152055 20.0009 5.12606 5.06305 0.444746 6.4435 3.1484 -0.320431 -0.360602 -0.262343 -6.03919 -1.86687 -1.30917 
0.998664 0.0516107 0.000278518 0.00231239 20.0014 5.15768 5.07886 0.444746 6.4435 3.1484 -0.320431 -0.360602 -0.262343 -6.03919 -1.86687 -1.30917 
0.998635 0.052119 0.000872971 0.00314032 20.0021 5.18934 5.09469 0.444746 6.4435 3.1484 -0.320431 -0.360602 -0.262343 -6.03919 -1.86687 -1.30917 
0.998615 0.0524431 0.0012787 0.00393065 20.0028 5.22104 5.11054 0.444746 6.4435 3.1484 -0.320431 -0.360602 -0.262343 -6.03919 -1.86687 -1.30917 
0.998595 0.0526522 0.001737 0.00574294 20.0036 5.25278 5.1264 0.444746 6.4435 3.1484 -0.320431 -0.360602 -0.262343 -6.03919 -1.86687 -1.30917 
0.998599 0.0523859 0.0022091 0.00705846 20.0046 5.28456 5.14227 0.444746 6.4435 3.1484 -0.320431 -0.360602 -0.262343 -6.03919 -1.86687 -1.30917 
0.998645 0.0513714 0.0018934 0.0080737 20.0056 5.31638 5.15814 0.444746 6.4435 3.1484 -0.320431 -0.360602 -0.262343 -6.03919 -1.86687 -1.30917 
0.998628 0.0514387 0.00338602 0.00915123 20.0068 5.34824 5.17401 0.444746 6.4435 3.1484 -0.320431 -0.360602 -0.262343 -6.03919 -1.86687 -1.30917 
0.998664 0.0506908 0.00481795 0.00875631 20.0081 5.38015 5.18987 0.444746 6.4435 3.1484 -0.320431 -0.360602 -0.262343 -6.03919 -1.86687 -1.30917 
0.998681 0.0501895 0.00575216 0.00917578 20.0094 5.41209 5.20571 0.444746 6.4435 3.1484 -0.320431 -0.360602 -0.262343 -6.03919 -1.86687 -1.30917 
0.998686 0.0496541 0.00746099 0.010234 20.0109 5.44406 5.22154 0.444746 6.4435 3.1484 -0.320431 -0.360602 -0.262343 -6.03919 -1.86687 -1.30917 
0.998689 0.0494161 0.00794957 0.0107216 20.0125 5.47608 5.23736 0.444746 6.4435 3.1484 -0.320431 -0.360602 -0.262343 -6.03919 -1.86687 -1.30917 
0.998644 0.0501042 0.00854671 0.0112075 20.0142 5.50814 5.25315 0.444746 6.4435 3.1484 -0.320431 -0.360602 -0.262343 -6.03919 -1.86687 -1.30917 
0.998583 0.050886 0.0101598 0.011777 20.0161 5.54024 5.26892 0.444746 6.4435 3.1484 -0.320431 -0.360602 -0.262343 -6.03919 -1.86687 -1.30917 
0.998568 0.0508715 0.0110686 0.0123067 20.018 5.57239 5.28464 0.444746 6.4435 3.1484 -0.320431 -0.360602 -0.262343 -6.03919 -1.86687 -1.30917 
0.998529 0.0512687 0.0120019 0.0129505 20.02 5.60456 5.30033 0.444746 6.4435 3.1484 -0.320431 -0.360602 -0.262343 -6.03919 -1.86687 -1.30917 
0.998509 0.0513674 0.0127279 0.0134002 20.0222 5.63678 5.31598 0.444746 6.4435 3.1484 -0.320431 -0.360602 -0.262343 -6.03919 -1.86687 -1.30917 
0.998471 0.051553 0.013201 0.0149075 20.0242 5.66896 5.33151 -1.23074 6.01897 2.27923 -0.302379 -0.390626 -0.328426 15.3142 4.07324 4.24118 
0.998408 0.0523617 0.0132683 0.0162287 20.0258 5.70104 5.34686 -1.23074 6.01897 2.27923 -0.302379 -0.390626 -0.328426 15.3142 4.07324 4.24118 
0.998339 0.0533687 0.0137986 0.0167337 20.0269 5.733 5.36201 -1.23074 6.01897 2.27923 -0.302379 -0.390626 -0.328426 15.3142 4.07324 4.24118 
0.998278 0.053949 0.0149697 0.0174907 20.0276 5.76487 5.37695 -1.23074 6.01897 2.27923 -0.302379 -0.390626 -0.328426 15.3142 4.07324 4.24118 
0.998296 0.053247 0.0163747 0.0173796 20.028 5.79663 5.3917 -1.23074 6.01897 2.27923 -0.302379 -0.390626 -0.328426 15.3142 4.07324 4.24118 
0.998323 0.0525035 0.0167668 0.0176995 20.0278 5.82829 5.40624 -1.23074 6.01897 2.27923 -0.302379 -0.390626 -0.328426 15.3142 4.07324 4.24118 
0.998325 0.0519375 0.0174982 0.0185032 20.0273 5.85985 5.42057 -1.23074 6.01897 2.27923 -0.302379 -0.390626 -0.328426 15.3142 4.07324 4.24118 
0.998301 0.0514148 0.0186069 0.0201089 20.0264 5.8913 5.43468 -1.23074 6.01897 2.27923 -0.302379 -0.390626 -0.328426 15.3142 4.07324 4.24118 
0.998239 0.0517521 0.0188219 0.0220241 20.025 5.92265 5.44858 -1.23074 6.01897 2.27923 -0.302379 -0.390626 -0.328426 15.3142 4.07324 4.24118 
0.998205 0.0518188 0.019466 0.0228609 20.0232 5.9539 5.46228 -1.23074 6.01897 2.27923 -0.302379 -0.390626 -0.328426 15.3142 4.07324 4.24118 
0.998196 0.0513538 0.0193469 0.0243641 20.021 5.98504 5.47577 -1.23074 6.01897 2.27923 -0.302379 -0.390626 -0.328426 15.3142 4.07324 4.24118 
0.998206 0.0503767 0.0201291 0.0253382 20.0184 6.01607 5.48904 -1.23074 6.01897 2.27923 -0.302379 -0.390626 -0.328426 15.3142 4.07324 4.24118 
0.998205 0.0501523 0.0195925 0.0261949 20.0153 6.04698 5.50209 -1.23074 6.01897 2.27923 -0.302379 -0.390626 -0.328426 15.3142 4.07324 4.24118 
0.998151 0.0507076 0.0199072 0.0269636 20.0119 6.07777 5.51491 -1.23074 6.01897 2.27923 -0.302379 -0.390626 -0.328426 15.3142 4.07324 4.24118 
0.998158 0.0499936 0.0206715 0.0274499 20.008 6.10844 5.52751 -1.23074 6.01897 2.27923 -0.302379 -0.390626 -0.328426 15.3142 4.07324 4.24118 
0.998099 0.0504593 0.0216133 0.0280251 20.0038 6.13899 5.53987 -1.23074 6.01897 2.27923 -0.302379 -0.390626 -0.328426 15.3142 4.07324 4.24118 
0.998085 0.0498321 0.0219121 0.0293645 19.9991 6.16944 5.55201 -1.23074 6.01897 2.27923 -0.302379 -0.390626 -0.328426 15.3142 4.07324 4.24118 
0.998017 0.0508662 0.0218045 0.0299745 19.9939 6.19976 5.56391 -1.23074 6.01897 2.27923 -0.302379 -0.390626 -0.328426 15.3142 4.07324 4.24118 
0.997995 0.0509232 0.0222532 0.0302903 19.9884 6.22997 5.57558 -1.23074 6.01897 2.27923 -0.302379 -0.390626 -0.328426 15.3142 4.07324 4.24118 
0.997949 0.0505485 0.0231567 0.0317303 19.9824 6.26006 5.58701 -1.23074 6.01897 2.27923 -0.302379 -0.390626 -0.328426 15.3142 4.07324 4.24118 
0.997864 0.051376 0.0237706 0.0325848 19.9764 6.29014 5.5983 0.256213 6.43887 2.02997 -0.256356 -0.339387 -0.273432 -16.5055 -3.72753 -4.76921 
0.997842 0.0515567 0.0239622 0.0328483 19.9708 6.32033 5.60956 0.256213 6.43887 2.02997 -0.256356 -0.339387 -0.273432 -16.5055 -3.72753 -4.76921 
0.997762 0.0527508 0.0246335 0.0328663 19.9656 6.35063 5.62078 0.256213 6.43887 2.02997 -0.256356 -0.339387 -0.273432 -16.5055 -3.72753 -4.76921 
0.997719 0.0531066 0.0248374 0.0334618 19.9607 6.38102 5.63195 0.256213 6.43887 2.02997 -0.256356 -0.339387 -0.273432 -16.5055 -3.72753 -4.76921 
0.997677 0.0528021 0.0256914 0.0345142 19.9563 6.41153 5.64306 0.256213 6.43887 2.02997 -0.256356 -0.339387 -0.273432 -16.5055 -3.72753 -4.76921 
0.997631 0.0530728 0.0262729 0.0349841 19.9521 6.44214 5.65412 0.256213 6.43887 2.02997 -0.256356 -0.339387 -0.273432 -16.5055 -3.72753 -4.76921 
0.997651 0.0521588 0.0264813 0.0356387 19.9484 6.47286 5.66512 0.256213 6.43887 2.02997 -0.256356 -0.339387 -0.273432 -16.5055 -3.72753 -4.76921 
0.997604 0.0520113 0.027573 0.0363492 19.9451 6.50368 5.67608 0.256213 6.43887 2.02997 -0.256356 -0.339387 -0.273432 -16.5055 -3.72753 -4.76921 
0.997553 0.0520025 0.0282385 0.0372389 19.9421 6.53461 5.68698 0.256213 6.43887 2.02997 -0.256356 -0.339387 -0.273432 -16.5055 -3.72753 -4.76921 
0.997486 0.0521851 0.0290363 0.0381324 19.9394 6.56565 5.69781 0.256213 6.43887 2.02997 -0.256356 -0.339387 -0.273432 -16.5055 -3.72753 -4.76921 
0.997484 0.0515597 0.0287452 0.0392391 19.9372 6.5968 5.70857 0.256213 6.43887 2.02997 -0.256356 -0.339387 -0.273432 -16.5055 -3.72753 -4.76921 
0.997416 0.0514579 0.0299352 0.0402047 19.9353 6.62806 5.71926 0.256213 6.43887 2.02997 -0.256356 -0.339387 -0.273432 -16.5055 -3.72753 -4.76921 
0.997366 0.0516405 0.0307529 0.0406069 19.9338 6.65941 5.72986 0.256213 6.43887 2.02997 -0.256356 -0.339387 -0.273432 -16.5055 -3.72753 -4.76921 
0.997363 0.0507986 0.0310975 0.041453 19.9327 6.69087 5.74038 0.256213 6.43887 2.02997 -0.256356 -0.339387 -0.273432 -16.5055 -3.72753 -4.76921 
0.997291 0.0509992 0.0320001 0.0422412 19.9319 6.72244 5.75081 0.256213 6.43887 2.02997 -0.256356 -0.339387 -0.273432 -16.5055 -3.72753 -4.76921 
0.99721 0.0511088 0.0323459 0.0437477 19.9315 6.75413 5.76114 0.256213 6.43887 2.02997 -0.256356 -0.339387 -0.273432 -16.5055 -3.72753 -4.76921 
0.997169 0.0509751 0.0325039 0.0447049 19.9315 6.78593 5.77138 0.256213 6.43887 2.02997 -0.256356 -0.339387 -0.273432 -16.5055 -3.72753 -4.76921 
0.997085 0.0512865 0.0330975 0.0457708 19.9318 6.81786 5.78154 0.256213 6.43887 2.02997 -0.256356 -0.339387 -0.273432 -16.5055 -3.72753 -4.76921 
0.997037 0.0511043 0.0334091 0.0467877 19.9325 6.8499 5.79159 0.256213 6.43887 2.02997 -0.256356 -0.339387 -0.273432 -16.5055 -3.72753 -4.76921 
0.997089 0.0501318 0.0334961 0.0466572 19.9336 6.88205 5.80153 0.256213 6.43887 2.02997 -0.256356 -0.339387 -0.273432 -16.5055 -3.72753 -4.76921 
0.997046 0.0502484 0.0336595 0.0473486 19.9346 6.91418 5.81124 -1.75569 5.86838 0.650199 -0.247456 -0.248414 -0.279632 18.7429 4.03232 5.80198 
0.996948 0.0500263 0.0350807 0.0485898 19.9351 6.94617 5.82062 -1.75569 5.86838 0.650199 -0.247456 -0.248414 -0.279632 18.7429 4.03232 5.80198 
0.996859 0.0504166 0.0365581 0.0489265 19.9351 6.97804 5.82967 -1.75569 5.86838 0.650199 -0.247456 -0.248414 -0.279632 18.7429 4.03232 5.80198 
0.996832 0.0494136 0.0365 0.0505198 19.9347 7.00977 5.83838 -1.75569 5.86838 0.650199 -0.247456 -0.248414 -0.279632 18.7429 4.03232 5.80198 
0.996775 0.0496022 0.0363238 0.051577 19.9337 7.04135 5.84677 -1.75569 5.86838 0.650199 -0.247456 -0.248414 -0.279632 18.7429 4.03232 5.80198 
0.996767 0.0498352 0.036742 0.0512096 19.9322 7.07279 5.85481 -1.75569 5.86838 0.650199 -0.247456 -0.248414 -0.279632 18.7429 4.03232 5.80198 
0.996803 0.0486102 0.0368378 0.0516123 19.9301 7.10409 5.86252 -1.75569 5.86838 0.650199 -0.247456 -0.248414 -0.279632 18.7429 4.03232 5.80198 
0.996775 0.0481614 0.0363631 0.052882 19.9276 7.13524 5.86989 -1.75569 5.86838 0.650199 -0.247456 -0.248414 -0.279632 18.7429 4.03232 5.80198 
0.99674 0.0480684 0.0363184 0.0536546 19.9246 7.16625 5.87693 -1.75569 5.86838 0.650199 -0.247456 -0.248414 -0.279632 18.7429 4.03232 5.80198 
0.996683 0.0482249 0.0364156 0.0545114 19.9211 7.19711 5.88363 -1.75569 5.86838 0.650199 -0.247456 -0.248414 -0.279632 18.7429 4.03232 5.80198 
0.996569 0.0485122 0.0374661 0.0556166 19.917 7.22782 5.88999 -1.75569 5.86838 0.650199 -0.247456 -0.248414 -0.279632 18.7429 4.03232 5.80198 
0.996519 0.0485825 0.0385996 0.0556786 19.9125 7.25838 5.896 -1.75569 5.86838 0.650199 -0.247456 -0.248414 -0.279632 18.7429 4.03232 5.80198 
0.996395 0.0487998 0.0393104 0.0571761 19.9075 7.28879 5.90167 -1.75569 5.86838 0.650199 -0.247456 -0.248414 -0.279632 18.7429 4.03232 5.80198 
0.996346 0.0487028 0.039919 0.0576914 19.902 7.31907 5.907 -1.75569 5.86838 0.650199 -0.247456 -0.248414 -0.279632 18.7429 4.03232 5.80198 
0.996305 0.04776 0.0397942 0.0592492 19.896 7.34919 5.91198 -1.75569 5.86838 0.650199 -0.247456 -0.248414 -0.279632 18.7429 4.03232 5.80198 
0.996259 0.0472718 0.0395424 0.0605804 19.8894 7.37915 5.91661 -1.75569 5.86838 0.650199 -0.247456 -0.248414 -0.279632 18.7429 4.03232 5.80198 
0.996183 0.0471071 0.0399721 0.0616662 19.8824 7.40896 5.92089 -1.75569 5.86838 0.650199 -0.247456 -0.248414 -0.279632 18.7429 4.03232 5.80198 
0.996025 0.0474126 0.041075 0.0632268 19.8749 7.4386 5.92481 -1.75569 5.86838 0.650199 -0.247456 -0.248414 -0.279632 18.7429 4.03232 5.80198 
0.99599 0.0469353 0.0421404 0.0634374 19.8668 7.4681 5.92838 -1.75569 5.86838 0.650199 -0.247456 -0.248414 -0.279632 18.7429 4.03232 5.80198 
0.995942 0.0468706 0.0418483 0.0644263 19.8583 7.49744 5.93159 -1.75569 5.86838 0.650199 -0.247456 -0.248414 -0.279632 18.7429 4.03232 5.80198 
0.995824 0.0463054 0.0431515 0.0657831 19.8497 7.52676 5.93456 -0.0975464 6.34095 0.175532 -0.24329 -0.364782 -0.207888 -18.2485 -3.05986 -6.04316 
0.995783 0.04644 0.0431567 0.0663007 19.8416 7.5562 5.93741 -0.0975464 6.34095 0.175532 -0.24329 -0.364782 -0.207888 -18.2485 -3.05986 -6.04316 
0.995701 0.046479 0.0443331 0.066728 19.8338 7.58575 5.94015 -0.0975464 6.34095 0.175532 -0.24329 -0.364782 -0.207888 -18.2485 -3.05986 -6.04316 
0.995667 0.0461674 0.0449046 0.0670773 19.8265 7.61543 5.94278 -0.0975464 6.34095 0.175532 -0.24329 -0.364782 -0.207888 -18.2485 -3.05986 -6.04316 
0.995653 0.0450353 0.0461711 0.0671841 19.8196 7.64522 5.94529 -0.0975464 6.34095 0.175532 -0.24329 -0.364782 -0.207888 -18.2485 -3.05986 -6.04316 
0.995539 0.0448686 0.0469167 0.0684595 19.8131 7.67514 5.94766 -0.0975464 6.34095 0.175532 -0.24329 -0.364782 -0.207888 -18.2485 -3.05986 -6.04316 
0.995485 0.0442139 0.0479542 0.0689553 19.807 7.70517 5.94991 -0.0975464 6.34095 0.175532 -0.24329 -0.364782 -0.207888 -18.2485 -3.05986 -6.04316 
0.995505 0.0436397 0.0480642 0.068949 19.8013 7.73533 5.95203 -0.0975464 6.34095 0.175532 -0.24329 -0.364782 -0.207888 -18.2485 -3.05986 -6.04316 
0.995435 0.0442807 0.048472 0.0692629 19.796 7.7656 5.95405 -0.0975464 6.34095 0.175532 -0.24329 -0.364782 -0.207888 -18.2485 -3.05986 -6.04316 
0.995382 0.0435349 0.048552 0.0704424 19.7912 7.79599 5.95594 -0.0975464 6.34095 0.175532 -0.24329 -0.364782 -0.207888 -18.2485 -3.05986 -6.04316 
0.995331 0.0435293 0.0481039 0.0714644 19.7867 7.8265 5.95771 -0.0975464 6.34095 0.175532 -0.24329 -0.364782 -0.207888 -18.2485 -3.05986 -6.04316 
0.995267 0.0439705 0.0492252 0.0713264 19.7827 7.85712 5.95935 -0.0975464 6.34095 0.175532 -0.24329 -0.364782 -0.207888 -18.2485 -3.05986 -6.04316 
0.995187 0.0436757 0.0496647 0.0723102 19.7791 7.88788 5.96087 -0.0975464 6.34095 0.175532 -0.24329 -0.364782 -0.207888 -18.2485 -3.05986 -6.04316 
0.995035 0.0432585 0.0501302 0.0743027 19.7759 7.91877 5.96225 -0.0975464 6.34095 0.175532 -0.24329 -0.364782 -0.207888 -18.2485 -3.05986 -6.04316 
0.995003 0.0425445 0.0506462 0.0747923 19.7731 7.94979 5.9635 -0.0975464 6.34095 0.175532 -0.24329 -0.364782 -0.207888 -18.2485 -3.05986 -6.04316 
0.994864 0.0431631 0.0512005 0.0758919 19.7708 7.98094 5.96462 -0.0975464 6.34095 0.175532 -0.24329 -0.364782 -0.207888 -18.2485 -3.05986 -6.04316 
0.994839 0.0418927 0.052277 0.0761992 19.7688 8.0122 5.9656 -0.0975464 6.34095 0.175532 -0.24329 -0.364782 -0.207888 -18.2485 -3.05986 -6.04316 
0.994741 0.0426569 0.0526195 0.0768154 19.7673 8.04358 5.96644 -0.0975464 6.34095 0.175532 -0.24329 -0.364782 -0.207888 -18.2485 -3.05986 -6.04316 
0.994657 0.0422418 0.0532155 0.0777267 19.7662 8.07508 5.96715 -0.0975464 6.34095 0.175532 -0.24329 -0.364782 -0.207888 -18.2485 -3.05986 -6.04316 
0.994605 0.0410597 0.053923 0.0785257 19.7655 8.10671 5.96773 -0.0975464 6.34095 0.175532 -0.24329 -0.364782 -0.207888 -18.2485 -3.05986 -6.04316 
0.994509 0.0407945 0.0539637 0.079839 19.7649 8.13836 5.96807 -1.48615 6.01564 -1.12448 -0.251505 -0.335256 -0.289041 12.359 1.17281 4.44586 
0.994431 0.0410277 0.0545222 0.0803126 19.7639 8.16993 5.9681 -1.48615 6.01564 -1.12448 -0.251505 -0.335256 -0.289041 12.359 1.17281 4.44586 
0.994315 0.0412099 0.0549695 0.0813426 19.7625 8.20142 5.9678 -1.48615 6.01564 -1.12448 -0.251505 -0.335256 -0.289041 12.359 1.17281 4.44586 
0.994187 0.0415159 0.0562419 0.0818892 19.7608 8.23282 5.96718 -1.48615 6.01564 -1.12448 -0.251505 -0.335256 -0.289041 12.359 1.17281 4.44586 
0.994183 0.0410676 0.0566667 0.0818606 19.7588 8.26413 5.96624 -1.48615 6.01564 -1.12448 -0.251505 -0.335256 -0.289041 12.359 1.17281 4.44586 
0.9941 0.0411195 0.0575147 0.0822532 19.7564 8.29536 5.96498 -1.48615 6.01564 -1.12448 -0.251505 -0.335256 -0.289041 12.359 1.17281 4.44586 
0.994057 0.0408876 0.0578176 0.0826815 19.7536 8.32651 5.9634 -1.48615 6.01564 -1.12448 -0.251505 -0.335256 -0.289041 12.359 1.17281 4.44586 
0.994106 0.0402339 0.057561 0.0825912 19.7506 8.35759 5.9615 -1.48615 6.01564 -1.12448 -0.251505 -0.335256 -0.289041 12.359 1.17281 4.44586 
0.994074 0.0402588 0.0573504 0.0831005 19.7471 8.38858 5.95928 -1.48615 6.01564 -1.12448 -0.251505 -0.335256 -0.289041 12.359 1.17281 4.44586 
0.993891 0.0400537 0.0582782 0.0847266 19.7434 8.4195 5.95673 -1.48615 6.01564 -1.12448 -0.251505 -0.335256 -0.289041 12.359 1.17281 4.44586 
0.993809 0.0397004 0.0589401 0.0854047 19.7393 8.45033 5.95386 -1.48615 6.01564 -1.12448 -0.251505 -0.335256 -0.289041 12.359 1.17281 4.44586 
0.993653 0.0403516 0.0592718 0.0866759 19.7348 8.48108 5.95068 -1.48615 6.01564 -1.12448 -0.251505 -0.335256 -0.289041 12.359 1.17281 4.44586 
0.993616 0.0392149 0.058909 0.0878536 19.73 8.51175 5.94717 -1.48615 6.01564 -1.12448 -0.251505 -0.335256 -0.289041 12.359 1.17281 4.44586 
0.993512 0.0388324 0.0592691 0.0889553 19.7248 8.54232 5.94335 -1.48615 6.01564 -1.12448 -0.251505 -0.335256 -0.289041 12.359 1.17281 4.44586 
0.99349 0.0380682 0.0599651 0.0890579 19.7193 8.57279 5.9392 -1.48615 6.01564 -1.12448 -0.251505 -0.335256 -0.289041 12.359 1.17281 4.44586 
0.993391 0.0373475 0.0612062 0.0896295 19.7134 8.60317 5.93472 -1.48615 6.01564 -1.12448 -0.251505 -0.335256 -0.289041 12.359 1.17281 4.44586 
0.99331 0.036742 0.0616679 0.0904481 19.7072 8.63347 5.92993 -1.48615 6.01564 -1.12448 -0.251505 -0.335256 -0.289041 12.359 1.17281 4.44586 
0.993089 0.0365991 0.0631204 0.0919265 19.7006 8.66368 5.92483 -1.48615 6.01564 -1.12448 -0.251505 -0.335256 -0.289041 12.359 1.17281 4.44586 
0.992975 0.0360307 0.0637544 0.0929319 19.6937 8.69381 5.9194 -1.48615 6.01564 -1.12448 -0.251505 -0.335256 -0.289041 12.359 1.17281 4.44586 
0.99288 0.0352999 0.0645458 0.0936875 19.6865 8.72386 5.91367 -1.48615 6.01564 -1.12448 -0.251505 -0.335256 -0.289041 12.359 1.17281 4.44586 
0.992718 0.0358315 0.0658168 0.0943122 19.6792 8.75388 5.9077 -0.423148 6.25245 -1.68228 -0.268896 -0.266787 -0.337273 -11.9541 -0.868088 -4.55945 
0.992549 0.0355246 0.0658984 0.0961364 19.6721 8.78397 5.90158 -0.423148 6.25245 -1.68228 -0.268896 -0.266787 -0.337273 -11.9541 -0.868088 -4.55945 
0.992459 0.0355858 0.0662769 0.0967778 19.6654 8.81411 5.8953 -0.423148 6.25245 -1.68228 -0.268896 -0.266787 -0.337273 -11.9541 -0.868088 -4.55945 
0.992291 0.0359608 0.0674011 0.0975774 19.6589 8.84432 5.88887 -0.423148 6.25245 -1.68228 -0.268896 -0.266787 -0.337273 -11.9541 -0.868088 -4.55945 
0.992337 0.0349283 0.0670123 0.0977592 19.6526 8.87459 5.8823 -0.423148 6.25245 -1.68228 -0.268896 -0.266787 -0.337273 -11.9541 -0.868088 -4.55945 
0.992318 0.0345279 0.0665161 0.0984255 19.6467 8.90492 5.87557 -0.423148 6.25245 -1.68228 -0.268896 -0.266787 -0.337273 -11.9541 -0.868088 -4.55945 
0.992229 0.0340576 0.0680812 0.0984172 19.641 8.9353 5.8687 -0.423148 6.25245 -1.68228 -0.268896 -0.266787 -0.337273 -11.9541 -0.868088 -4.55945 
0.992107 0.0347157 0.0682263 0.0993169 19.6355 8.96574 5.86168 -0.423148 6.25245 -1.68228 -0.268896 -0.266787 -0.337273 -11.9541 -0.868088 -4.55945 
0.991901 0.0346554 0.069169 0.100726 19.6304 8.99624 5.85452 -0.423148 6.25245 -1.68228 -0.268896 -0.266787 -0.337273 -11.9541 -0.868088 -4.55945 
0.99177 0.0346114 0.0696586 0.101695 19.6255 9.0268 5.84723 -0.423148 6.25245 -1.68228 -0.268896 -0.266787 -0.337273 -11.9541 -0.868088 -4.55945 
0.991704 0.0349567 0.0694451 0.102363 19.6208 9.05742 5.8398 -0.423148 6.25245 -1.68228 -0.268896 -0.266787 -0.337273 -11.9541 -0.868088 -4.55945 
0.991534 0.0345875 0.0697631 0.103905 19.6165 9.0881 5.83222 -0.423148 6.25245 -1.68228 -0.268896 -0.266787 -0.337273 -11.9541 -0.868088 -4.55945 
0.991446 0.033993 0.0698654 0.10487 19.6124 9.11884 5.8245 -0.423148 6.25245 -1.68228 -0.268896 -0.266787 -0.337273 -11.9541 -0.868088 -4.55945 
0.991325 0.0336811 0.0704402 0.105726 19.6086 9.14965 5.81664 -0.423148 6.25245 -1.68228 -0.268896 -0.266787 -0.337273 -11.9541 -0.868088 -4.55945 
0.991249 0.0333671 0.07087 0.106246 19.605 9.18053 5.80865 -0.423148 6.25245 -1.68228 -0.268896 -0.266787 -0.337273 -11.9541 -0.868088 -4.55945 
0.9911 0.0336243 0.0708389 0.107576 19.6017 9.21148 5.80053 -0.423148 6.25245 -1.68228 -0.268896 -0.266787 -0.337273 -11.9541 -0.868088 -4.55945 
0.991048 0.0330111 0.0714451 0.107836 19.5987 9.2425 5.79226 -0.423148 6.25245 -1.68228 -0.268896 -0.266787 -0.337273 -11.9541 -0.868088 -4.55945 
0.990899 0.0329337 0.0718161 0.108977 19.5959 9.27358 5.78386 -0.423148 6.25245 -1.68228 -0.268896 -0.266787 -0.337273 -11.9541 -0.868088 -4.55945 
0.990765 0.0327278 0.0720718 0.110088 19.5934 9.30473 5.77533 -0.423148 6.25245 -1.68228 -0.268896 -0.266787 -0.337273 -11.9541 -0.868088 -4.55945 
0.990802 0.0318019 0.0716659 0.110292 19.5912 9.33595 5.76668 -0.423148 6.25245 -1.68228 -0.268896 -0.266787 -0.337273 -11.9541 -0.868088 -4.55945 
0.990653 0.0317661 0.0725016 0.111088 19.5889 9.36715 5.75783 -1.93361 5.83703 -2.74343 -0.33003 -0.33329 -0.370695 13.5656 0.787546 5.40328 
0.990546 0.0316658 0.0732203 0.111597 19.5862 9.39825 5.74871 -1.93361 5.83703 -2.74343 -0.33003 -0.33329 -0.370695 13.5656 0.787546 5.40328 
0.990447 0.0309683 0.0739224 0.112211 19.5831 9.42925 5.7393 -1.93361 5.83703 -2.74343 -0.33003 -0.33329 -0.370695 13.5656 0.787546 5.40328 
0.99035 0.0304468 0.0743757 0.112903 19.5797 9.46015 5.7296 -1.93361 5.83703 -2.74343 -0.33003 -0.33329 -0.370695 13.5656 0.787546 5.40328 
0.990192 0.0301015 0.0751139 0.113893 19.5759 9.49094 5.71964 -1.93361 5.83703 -2.74343 -0.33003 -0.33329 -0.370695 13.5656 0.787546 5.40328 
0.990258 0.0303574 0.0739266 0.114024 19.5717 9.52163 5.7094 -1.93361 5.83703 -2.74343 -0.33003 -0.33329 -0.370695 13.5656 0.787546 5.40328 
0.990096 0.0297988 0.0751882 0.114757 19.5671 9.55223 5.69888 -1.93361 5.83703 -2.74343 -0.33003 -0.33329 -0.370695 13.5656 0.787546 5.40328 
0.989899 0.0303035 0.0756276 0.116021 19.5622 9.58271 5.6881 -1.93361 5.83703 -2.74343 -0.33003 -0.33329 -0.370695 13.5656 0.787546 5.40328 
0.989733 0.0304398 0.0764416 0.116865 19.5568 9.61309 5.67705 -1.93361 5.83703 -2.74343 -0.33003 -0.33329 -0.370695 13.5656 0.787546 5.40328 
0.98952 0.0297395 0.0779222 0.117867 19.5511 9.64336 5.66574 -1.93361 5.83703 -2.74343 -0.33003 -0.33329 -0.370695 13.5656 0.787546 5.40328 
0.989406 0.0287044 0.0781532 0.118923 19.545 9.67352 5.65418 -1.93361 5.83703 -2.74343 -0.33003 -0.33329 -0.370695 13.5656 0.787546 5.40328 
0.989117 0.0281054 0.0798543 0.120339 19.5386 9.70359 5.64236 -1.93361 5.83703 -2.74343 -0.33003 -0.33329 -0.370695 13.5656 0.787546 5.40328 
0.989051 0.0278463 0.0797049 0.12103 19.5317 9.73353 5.63028 -1.93361 5.83703 -2.74343 -0.33003 -0.33329 -0.370695 13.5656 0.787546 5.40328 
0.988979 0.0265446 0.0797714 0.121871 19.5245 9.76337 5.61796 -1.93361 5.83703 -2.74343 -0.33003 -0.33329 -0.370695 13.5656 0.787546 5.40328 
0.988801 0.0262524 0.0802754 0.123043 19.5169 9.7931 5.60539 -1.93361 5.83703 -2.74343 -0.33003 -0.33329 -0.370695 13.5656 0.787546 5.40328 
0.98854 0.0259813 0.0809272 0.124759 19.5089 9.82271 5.59257 -1.93361 5.83703 -2.74343 -0.33003 -0.33329 -0.370695 13.5656 0.787546 5.40328 
0.988423 0.0265208 0.0802563 0.125995 19.5006 9.85221 5.57951 -1.93361 5.83703 -2.74343 -0.33003 -0.33329 -0.370695 13.5656 0.787546 5.40328 
0.988289 0.0263886 0.0802079 0.127103 19.4918 9.88159 5.56621 -1.93361 5.83703 -2.74343 -0.33003 -0.33329 -0.370695 13.5656 0.787546 5.40328 
0.988217 0.026526 0.0807685 0.127277 19.4827 9.91085 5.55267 -1.93361 5.83703 -2.74343 -0.33003 -0.33329 -0.370695 13.5656 0.787546 5.40328 
0.988006 0.0255544 0.0813435 0.12874 19.4733 9.94 5.53891 -1.93361 5.83703 -2.74343 -0.33003 -0.33329 -0.370695 13.5656 0.787546 5.40328 
0.987895 0.0243977 0.0819872 0.129408 19.4637 9.9691 5.52499 -1.07399 5.95114 -2.91155 -0.26769 -0.36975 -0.284881 -9.63262 0.741354 -4.28767 
0.987811 0.0244431 0.0821814 0.129916 19.4544 9.99823 5.51101 -1.07399 5.95114 -2.91155 -0.26769 -0.36975 -0.284881 -9.63262 0.741354 -4.28767 
0.987696 0.0239733 0.0825579 0.130635 19.4452 10.0274 5.49696 -1.07399 5.95114 -2.91155 -0.26769 -0.36975 -0.284881 -9.63262 0.741354 -4.28767 
0.987582 0.02376 0.0836057 0.130873 19.4363 10.0566 5.48284 -1.07399 5.95114 -2.91155 -0.26769 -0.36975 -0.284881 -9.63262 0.741354 -4.28767 
0.98752 0.0229866 0.0835337 0.131521 19.4276 10.0858 5.46866 -1.07399 5.95114 -2.91155 -0.26769 -0.36975 -0.284881 -9.63262 0.741354 -4.28767 
0.987422 0.0214195 0.0836686 0.132429 19.4192 10.115 5.45441 -1.07399 5.95114 -2.91155 -0.26769 -0.36975 -0.284881 -9.63262 0.741354 -4.28767 
0.987396 0.021182 0.0837482 0.132615 19.4109 10.1443 5.4401 -1.07399 5.95114 -2.91155 -0.26769 -0.36975 -0.284881 -9.63262 0.741354 -4.28767 
0.987363 0.0202855 0.0835706 0.133112 19.4029 10.1736 5.42573 -1.07399 5.95114 -2.91155 -0.26769 -0.36975 -0.284881 -9.63262 0.741354 -4.28767 
0.987327 0.0201091 0.0836638 0.133342 19.395 10.203 5.41131 -1.07399 5.95114 -2.91155 -0.26769 -0.36975 -0.284881 -9.63262 0.741354 -4.28767 
0.987172 0.0195337 0.0836823 0.134562 19.3874 10.2323 5.39684 -1.07399 5.95114 -2.91155 -0.26769 -0.36975 -0.284881 -9.63262 0.741354 -4.28767 
0.98696 0.0197777 0.0836209 0.13611 19.38 10.2617 5.38234 -1.07399 5.95114 -2.91155 -0.26769 -0.36975 -0.284881 -9.63262 0.741354 -4.28767 
0.986744 0.0204901 0.0840276 0.137315 19.3728 10.2912 5.36781 -1.07399 5.95114 -2.91155 -0.26769 -0.36975 -0.284881 -9.63262 0.741354 -4.28767 
0.986663 0.0195218 0.0843113 0.137863 19.3659 10.3206 5.35323 -1.07399 5.95114 -2.91155 -0.26769 -0.36975 -0.284881 -9.63262 0.741354 -4.28767 
0.986641 0.0188728 0.0850944 0.137632 19.3591 10.3501 5.33862 -1.07399 5.95114 -2.91155 -0.26769 -0.36975 -0.284881 -9.63262 0.741354 -4.28767 
0.986515 0.0191302 0.0851718 0.13845 19.3526 10.3797 5.32398 -1.07399 5.95114 -2.91155 -0.26769 -0.36975 -0.284881 -9.63262 0.741354 -4.28767 
0.986436 0.0194713 0.0848329 0.139171 19.3463 10.4092 5.30931 -1.07399 5.95114 -2.91155 -0.26769 -0.36975 -0.284881 -9.63262 0.741354 -4.28767 
0.986309 0.0190081 0.0846528 0.140237 19.3401 10.4388 5.29462 -1.07399 5.95114 -2.91155 -0.26769 -0.36975 -0.284881 -9.63262 0.741354 -4.28767 
0.985977 0.018546 0.0855291 0.14209 19.3343 10.4684 5.27991 -1.07399 5.95114 -2.91155 -0.26769 -0.36975 -0.284881 -9.63262 0.741354 -4.28767 
0.985721 0.0186576 0.0859958 0.143564 19.3286 10.4981 5.26519 -1.07399 5.95114 -2.91155 -0.26769 -0.36975 -0.284881 -9.63262 0.741354 -4.28767 
0.985583 0.0184138 0.0870155 0.143927 19.3231 10.5278 5.25044 -1.07399 5.95114 -2.91155 -0.26769 -0.36975 -0.284881 -9.63262 0.741354 -4.28767 
0.98554 0.0178552 0.0876939 0.143879 19.3177 10.5575 5.23564 -1.18063 6.2955 -3.05873 -0.199383 -0.251842 -0.246811 -1.37711 -3.78477 -0.281895 
0.985468 0.0177881 0.0876389 0.144416 19.3123 10.5874 5.22078 -1.18063 6.2955 -3.05873 -0.199383 -0.251842 -0.246811 -1.37711 -3.78477 -0.281895 
0.985192 0.017192 0.0881286 0.146062 19.3069 10.6173 5.20585 -1.18063 6.2955 -3.05873 -0.199383 -0.251842 -0.246811 -1.37711 -3.78477 -0.281895 
0.984806 0.0166657 0.0888937 0.148248 19.3015 10.6473 5.19088 -1.18063 6.2955 -3.05873 -0.199383 -0.251842 -0.246811 -1.37711 -3.78477 -0.281895 
0.984772 0.0175901 0.0892142 0.148175 19.296 10.6774 5.17584 -1.18063 6.2955 -3.05873 -0.199383 -0.251842 -0.246811 -1.37711 -3.78477 -0.281895 
0.984633 0.0172072 0.0888279 0.14937 19.2905 10.7076 5.16075 -1.18063 6.2955 -3.05873 -0.199383 -0.251842 -0.246811 -1.37711 -3.78477 -0.281895 
0.984571 0.0168927 0.0891804 0.149605 19.2849 10.7379 5.14562 -1.18063 6.2955 -3.05873 -0.199383 -0.251842 -0.246811 -1.37711 -3.78477 -0.281895 
0.984417 0.0163065 0.0902818 0.150019 19.2794 10.7683 5.13043 -1.18063 6.2955 -3.05873 -0.199383 -0.251842 -0.246811 -1.37711 -3.78477 -0.281895 
0.98437 0.0158951 0.0902209 0.150405 19.2738 10.7987 5.1152 -1.18063 6.2955 -3.05873 -0.199383 -0.251842 -0.246811 -1.37711 -3.78477 -0.281895 
0.984238 0.0156393 0.0900783 0.15138 19.2682 10.8293 5.09993 -1.18063 6.2955 -3.05873 -0.199383 -0.251842 -0.246811 -1.37711 -3.78477 -0.281895 
0.984042 0.0159246 0.0899913 0.152674 19.2626 10.8599 5.08462 -1.18063 6.2955 -3.05873 -0.199383 -0.251842 -0.246811 -1.37711 -3.78477 -0.281895 
0.983963 0.0157111 0.0892404 0.15364 19.257 10.8906 5.06928 -1.18063 6.2955 -3.05873 -0.199383 -0.251842 -0.246811 -1.37711 -3.78477 -0.281895 
0.984049 0.0149242 0.0890414 0.153285 19.2513 10.9213 5.05393 -1.18063 6.2955 -3.05873 -0.199383 -0.251842 -0.246811 -1.37711 -3.78477 -0.281895 
0.983934 0.0144381 0.0896934 0.153686 19.2456 10.9522 5.03858 -1.18063 6.2955 -3.05873 -0.199383 -0.251842 -0.246811 -1.37711 -3.78477 -0.281895 
0.983822 0.0129321 0.0902095 0.154236 19.2399 10.9831 5.0232 -1.18063 6.2955 -3.05873 -0.199383 -0.251842 -0.246811 -1.37711 -3.78477 -0.281895 
0.983792 0.0125219 0.0910654 0.153959 19.2342 11.0141 5.00781 -1.18063 6.2955 -3.05873 -0.199383 -0.251842 -0.246811 -1.37711 -3.78477 -0.281895 
0.983498 0.012228 0.0917006 0.155476 19.2284 11.0452 4.99241 -1.18063 6.2955 -3.05873 -0.199383 -0.251842 -0.246811 -1.37711 -3.78477 -0.281895 
0.98327 0.0113681 0.0919401 0.156838 19.2225 11.0764 4.977 -1.18063 6.2955 -3.05873 -0.199383 -0.251842 -0.246811 -1.37711 -3.78477 -0.281895 
0.983199 0.0108591 0.0918204 0.157384 19.2167 11.1077 4.96159 -1.18063 6.2955 -3.05873 -0.199383 -0.251842 -0.246811 -1.37711 -3.78477 -0.281895 
0.983189 0.00947953 0.0910542 0.157984 19.2108 11.1391 4.94618 -1.18063 6.2955 -3.05873 -0.199383 -0.251842 -0.246811 -1.37711 -3.78477 -0.281895 
0.982958 0.00996223 0.0917862 0.15896 19.2048 11.1704 4.93074 -2.14342 5.36482 -3.128 -0.298045 -0.208615 -0.332397 9.96404 5.67953 3.70755 
0.982952 0.00981236 0.0920801 0.158841 19.1985 11.2015 4.91527 -2.14342 5.36482 -3.128 -0.298045 -0.208615 -0.332397 9.96404 5.67953 3.70755 
0.982733 0.0102592 0.0921709 0.160105 19.192 11.2324 4.89976 -2.14342 5.36482 -3.128 -0.298045 -0.208615 -0.332397 9.96404 5.67953 3.70755 
0.982397 0.0103498 0.0927419 0.161823 19.1852 11.263 4.8842 -2.14342 5.36482 -3.128 -0.298045 -0.208615 -0.332397 9.96404 5.67953 3.70755 
0.982327 0.0105567 0.0926198 0.162308 19.1782 11.2934 4.86859 -2.14342 5.36482 -3.128 -0.298045 -0.208615 -0.332397 9.96404 5.67953 3.70755 
0.982184 0.00900705 0.0935947 0.162703 19.171 11.3236 4.85295 -2.14342 5.36482 -3.128 -0.298045 -0.208615 -0.332397 9.96404 5.67953 3.70755 
0.982079 0.00829426 0.0925804 0.163951 19.1635 11.3535 4.83728 -2.14342 5.36482 -3.128 -0.298045 -0.208615 -0.332397 9.96404 5.67953 3.70755 
0.981911 0.00767451 0.0928945 0.164811 19.1557 11.3832 4.82158 -2.14342 5.36482 -3.128 -0.298045 -0.208615 -0.332397 9.96404 5.67953 3.70755 
0.981817 0.00729037 0.0927336 0.165477 19.1478 11.4127 4.80586 -2.14342 5.36482 -3.128 -0.298045 -0.208615 -0.332397 9.96404 5.67953 3.70755 
0.981702 0.00774629 0.0935081 0.165704 19.1396 11.4419 4.79011 -2.14342 5.36482 -3.128 -0.298045 -0.208615 -0.332397 9.96404 5.67953 3.70755 
0.981592 0.00706502 0.0930761 0.166622 19.1311 11.4709 4.77435 -2.14342 5.36482 -3.128 -0.298045 -0.208615 -0.332397 9.96404 5.67953 3.70755 
0.981464 0.00682786 0.093568 0.167111 19.1224 11.4997 4.75858 -2.14342 5.36482 -3.128 -0.298045 -0.208615 -0.332397 9.96404 5.67953 3.70755 
0.981272 0.00625043 0.0940638 0.16798 19.1135 11.5282 4.74279 -2.14342 5.36482 -3.128 -0.298045 -0.208615 -0.332397 9.96404 5.67953 3.70755 
0.981141 0.00674766 0.094576 0.168437 19.1044 11.5565 4.72699 -2.14342 5.36482 -3.128 -0.298045 -0.208615 -0.332397 9.96404 5.67953 3.70755 
0.980767 0.00718871 0.095196 0.170237 19.095 11.5845 4.71121 -2.14342 5.36482 -3.128 -0.298045 -0.208615 -0.332397 9.96404 5.67953 3.70755 
0.980614 0.00736533 0.0956214 0.170872 19.0854 11.6123 4.69544 -2.14342 5.36482 -3.128 -0.298045 -0.208615 -0.332397 9.96404 5.67953 3.70755 
0.980409 0.00702087 0.0960174 0.171837 19.0755 11.6399 4.67968 -2.14342 5.36482 -3.128 -0.298045 -0.208615 -0.332397 9.96404 5.67953 3.70755 
0.98031 0.00651353 0.0953855 0.172776 19.0655 11.6672 4.66395 -2.14342 5.36482 -3.128 -0.298045 -0.208615 -0.332397 9.96404 5.67953 3.70755 
0.98032 0.00580459 0.0944918 0.173234 19.0551 11.6943 4.64823 -2.14342 5.36482 -3.128 -0.298045 -0.208615 -0.332397 9.96404 5.67953 3.70755 
0.980163 0.00585101 0.0938869 0.174444 19.0446 11.7212 4.63254 -2.14342 5.36482 -3.128 -0.298045 -0.208615 -0.332397 9.96404 5.67953 3.70755 
0.979916 0.005469 0.0940416 0.175758 19.034 11.748 4.61694 -1.49473 6.13777 -2.46816 -0.301876 -0.300678 -0.190993 -9.80018 -5.14517 -3.84894 
0.97983 0.00508857 0.0939884 0.176273 19.0235 11.775 4.60148 -1.49473 6.13777 -2.46816 -0.301876 -0.300678 -0.190993 -9.80018 -5.14517 -3.84894 
0.979796 0.00421428 0.093273 0.176865 19.0133 11.8022 4.58617 -1.49473 6.13777 -2.46816 -0.301876 -0.300678 -0.190993 -9.80018 -5.14517 -3.84894 
0.979606 0.00392007 0.094676 0.17718 19.0031 11.8296 4.571 -1.49473 6.13777 -2.46816 -0.301876 -0.300678 -0.190993 -9.80018 -5.14517 -3.84894 
0.979434 0.00315627 0.0955357 0.177685 18.9932 11.8572 4.55598 -1.49473 6.13777 -2.46816 -0.301876 -0.300678 -0.190993 -9.80018 -5.14517 -3.84894 
0.979159 0.00265927 0.0954771 0.179233 18.9834 11.885 4.54111 -1.49473 6.13777 -2.46816 -0.301876 -0.300678 -0.190993 -9.80018 -5.14517 -3.84894 
0.979082 0.00197136 0.0954497 0.179677 18.9738 11.913 4.5264 -1.49473 6.13777 -2.46816 -0.301876 -0.300678 -0.190993 -9.80018 -5.14517 -3.84894 
0.978958 0.00177067 0.0959573 0.180084 18.9643 11.9411 4.51184 -1.49473 6.13777 -2.46816 -0.301876 -0.300678 -0.190993 -9.80018 -5.14517 -3.84894 
0.97873 0.00153084 0.0967276 0.180913 18.955 11.9695 4.49743 -1.49473 6.13777 -2.46816 -0.301876 -0.300678 -0.190993 -9.80018 -5.14517 -3.84894 
0.97874 0.00136099 0.0968383 0.180798 18.9459 11.9981 4.48318 -1.49473 6.13777 -2.46816 -0.301876 -0.300678 -0.190993 -9.80018 -5.14517 -3.84894 
0.978704 0.00167404 0.0970916 0.180857 18.9369 12.0268 4.4691 -1.49473 6.13777 -2.46816 -0.301876 -0.300678 -0.190993 -9.80018 -5.14517 -3.84894 
0.978407 0.00110859 0.0977801 0.18209 18.9281 12.0558 4.45519 -1.49473 6.13777 -2.46816 -0.301876 -0.300678 -0.190993 -9.80018 -5.14517 -3.84894 
0.978298 0.00109389 0.0974125 0.18287 18.9195 12.0849 4.44147 -1.49473 6.13777 -2.46816 -0.301876 -0.300678 -0.190993 -9.80018 -5.14517 -3.84894 
0.978036 0.000133139 0.0979346 0.183993 18.911 12.1142 4.42792 -1.49473 6.13777 -2.46816 -0.301876 -0.300678 -0.190993 -9.80018 -5.14517 -3.84894 
0.977995 0.000632566 0.0981484 0.184098 18.9027 12.1438 4.41455 -1.49473 6.13777 -2.46816 -0.301876 -0.300678 -0.190993 -9.80018 -5.14517 -3.84894 
0.977942 0.00131813 0.0977368 0.184592 18.8945 12.1735 4.40136 -1.49473 6.13777 -2.46816 -0.301876 -0.300678 -0.190993 -9.80018 -5.14517 -3.84894 
0.977801 0.000532418 0.0972297 0.185611 18.8865 12.2034 4.38835 -1.49473 6.13777 -2.46816 -0.301876 -0.300678 -0.190993 -9.80018 -5.14517 -3.84894 
0.977604 0.000743026 0.0977516 0.18637 18.8787 12.2335 4.37553 -1.49473 6.13777 -2.46816 -0.301876 -0.300678 -0.190993 -9.80018 -5.14517 -3.84894 
0.977507 0.000255557 0.0975052 0.187011 18.871 12.2638 4.36289 -1.49473 6.13777 -2.46816 -0.301876 -0.300678 -0.190993 -9.80018 -5.14517 -3.84894 
0.977334 -0.000524675 0.0980475 0.187629 18.8635 12.2943 4.35045 -1.49473 6.13777 -2.46816 -0.301876 -0.300678 -0.190993 -9.80018 -5.14517 -3.84894 
0.977078 -0.000456492 0.0977733 0.189097 18.8559 12.3248 4.33816 -2.14118 5.34889 -1.93308 -0.288851 -0.372348 -0.267996 7.13209 4.62027 2.79952 
0.976771 -0.000950947 0.097351 0.19089 18.8482 12.3552 4.32599 -2.14118 5.34889 -1.93308 -0.288851 -0.372348 -0.267996 7.13209 4.62027 2.79952 
0.976839 -0.00111209 0.0972732 0.190585 18.8404 12.3853 4.31394 -2.14118 5.34889 -1.93308 -0.288851 -0.372348 -0.267996 7.13209 4.62027 2.79952 
0.976744 -0.000983596 0.0980358 0.19068 18.8324 12.4152 4.30199 -2.14118 5.34889 -1.93308 -0.288851 -0.372348 -0.267996 7.13209 4.62027 2.79952 
0.976412 -0.00130161 0.0982115 0.192282 18.8242 12.4449 4.29017 -2.14118 5.34889 -1.93308 -0.288851 -0.372348 -0.267996 7.13209 4.62027 2.79952 
0.976176 -0.00147453 0.0979111 0.193624 18.8158 12.4745 4.27848 -2.14118 5.34889 -1.93308 -0.288851 -0.372348 -0.267996 7.13209 4.62027 2.79952 
0.975953 -0.00140624 0.0976039 0.194903 18.8073 12.5038 4.26691 -2.14118 5.34889 -1.93308 -0.288851 -0.372348 -0.267996 7.13209 4.62027 2.79952 
0.975665 -0.00249878 0.0981254 0.196069 18.7986 12.533 4.25548 -2.14118 5.34889 -1.93308 -0.288851 -0.372348 -0.267996 7.13209 4.62027 2.79952 
0.975543 -0.00225543 0.0976872 0.196893 18.7898 12.5619 4.24419 -2.14118 5.34889 -1.93308 -0.288851 -0.372348 -0.267996 7.13209 4.62027 2.79952 
0.975415 -0.002607 0.0977411 0.197496 18.7808 12.5907 4.23304 -2.14118 5.34889 -1.93308 -0.288851 -0.372348 -0.267996 7.13209 4.62027 2.79952 
0.975373 -0.00228224 0.0971887 0.19798 18.7717 12.6192 4.22202 -2.14118 5.34889 -1.93308 -0.288851 -0.372348 -0.267996 7.13209 4.62027 2.79952 
0.975431 -0.00227311 0.0964743 0.198044 18.7624 12.6476 4.21114 -2.14118 5.34889 -1.93308 -0.288851 -0.372348 -0.267996 7.13209 4.62027 2.79952 
0.975233 -0.0036178 0.0963799 0.199045 18.7529 12.6757 4.20039 -2.14118 5.34889 -1.93308 -0.288851 -0.372348 -0.267996 7.13209 4.62027 2.79952 
0.974978 -0.00406616 0.0963402 0.200297 18.7433 12.7037 4.18979 -2.14118 5.34889 -1.93308 -0.288851 -0.372348 -0.267996 7.13209 4.62027 2.79952 
0.974734 -0.00435916 0.0966323 0.201338 18.7335 12.7314 4.17933 -2.14118 5.34889 -1.93308 -0.288851 -0.372348 -0.267996 7.13209 4.62027 2.79952 
0.974601 -0.00466365 0.0963205 0.20212 18.7236 12.759 4.16903 -2.14118 5.34889 -1.93308 -0.288851 -0.372348 -0.267996 7.13209 4.62027 2.79952 
0.974438 -0.00491113 0.0963177 0.202902 18.7134 12.7863 4.15887 -2.14118 5.34889 -1.93308 -0.288851 -0.372348 -0.267996 7.13209 4.62027 2.79952 
0.974226 -0.0053165 0.0969828 0.203592 18.7032 12.8135 4.14888 -2.14118 5.34889 -1.93308 -0.288851 -0.372348 -0.267996 7.13209 4.62027 2.79952 
0.974036 -0.00555885 0.0978064 0.204101 18.6927 12.8404 4.13904 -2.14118 5.34889 -1.93308 -0.288851 -0.372348 -0.267996 7.13209 4.62027 2.79952 
0.97389 -0.00610923 0.0980363 0.204667 18.6822 12.8671 4.12936 -2.14118 5.34889 -1.93308 -0.288851 -0.372348 -0.267996 7.13209 4.62027 2.79952 
0.973558 -0.00609112 0.0982924 0.206122 18.6716 12.8939 4.1199 -1.31287 6.30972 -0.79038 -0.259257 -0.264136 -0.343735 -12.2392 -5.62841 -5.08443 
0.97322 -0.00698821 0.0986159 0.207528 18.6612 12.9209 4.11072 -1.31287 6.30972 -0.79038 -0.259257 -0.264136 -0.343735 -12.2392 -5.62841 -5.08443 
0.973037 -0.0080608 0.0988292 0.208246 18.6511 12.9481 4.10182 -1.31287 6.30972 -0.79038 -0.259257 -0.264136 -0.343735 -12.2392 -5.62841 -5.08443 
0.9728 -0.00834897 0.0988768 0.209315 18.6412 12.9756 4.09319 -1.31287 6.30972 -0.79038 -0.259257 -0.264136 -0.343735 -12.2392 -5.62841 -5.08443 
0.972688 -0.00865805 0.0991833 0.209681 18.6314 13.0033 4.08483 -1.31287 6.30972 -0.79038 -0.259257 -0.264136 -0.343735 -12.2392 -5.62841 -5.08443 
0.972755 -0.00907691 0.0985192 0.209666 18.6219 13.0313 4.07675 -1.31287 6.30972 -0.79038 -0.259257 -0.264136 -0.343735 -12.2392 -5.62841 -5.08443 
0.97276 -0.010643 0.0981745 0.209727 18.6126 13.0595 4.06895 -1.31287 6.30972 -0.79038 -0.259257 -0.264136 -0.343735 -12.2392 -5.62841 -5.08443 
0.972561 -0.0106035 0.098382 0.210556 18.6034 13.0879 4.06144 -1.31287 6.30972 -0.79038 -0.259257 -0.264136 -0.343735 -12.2392 -5.62841 -5.08443 
0.972209 -0.0114811 0.0985678 0.212042 18.5945 13.1166 4.05421 -1.31287 6.30972 -0.79038 -0.259257 -0.264136 -0.343735 -12.2392 -5.62841 -5.08443 
0.971933 -0.0124106 0.0985418 0.213263 18.5858 13.1455 4.04726 -1.31287 6.30972 -0.79038 -0.259257 -0.264136 -0.343735 -12.2392 -5.62841 -5.08443 
0.97181 -0.0129634 0.0985133 0.213804 18.5773 13.1747 4.0406 -1.31287 6.30972 -0.79038 -0.259257 -0.264136 -0.343735 -12.2392 -5.62841 -5.08443 
0.971465 -0.0131828 0.0989672 0.215146 18.569 13.2041 4.03422 -1.31287 6.30972 -0.79038 -0.259257 -0.264136 -0.343735 -12.2392 -5.62841 -5.08443 
0.971264 -0.0128062 0.0991896 0.215968 18.5609 13.2338 4.02813 -1.31287 6.30972 -0.79038 -0.259257 -0.264136 -0.343735 -12.2392 -5.62841 -5.08443 
0.971114 -0.013581 0.099354 0.216519 18.553 13.2636 4.02232 -1.31287 6.30972 -0.79038 -0.259257 -0.264136 -0.343735 -12.2392 -5.62841 -5.08443 
0.970908 -0.0141333 0.100189 0.217024 18.5454 13.2938 4.01681 -1.31287 6.30972 -0.79038 -0.259257 -0.264136 -0.343735 -12.2392 -5.62841 -5.08443 
0.970708 -0.0140595 0.100087 0.21797 18.5379 13.3241 4.01159 -1.31287 6.30972 -0.79038 -0.259257 -0.264136 -0.343735 -12.2392 -5.62841 -5.08443 
0.970698 -0.0145607 0.100151 0.217949 18.5306 13.3548 4.00666 -1.31287 6.30972 -0.79038 -0.259257 -0.264136 -0.343735 -12.2392 -5.62841 -5.08443 
0.970423 -0.0141763 0.100068 0.219235 18.5236 13.3856 4.00202 -1.31287 6.30972 -0.79038 -0.259257 -0.264136 -0.343735 -12.2392 -5.62841 -5.08443 
0.970069 -0.0141595 0.0991254 0.221224 18.5167 13.4168 3.99768 -1.31287 6.30972 -0.79038 -0.259257 -0.264136 -0.343735 -12.2392 -5.62841 -5.08443 
0.969989 -0.0140711 0.0982997 0.221948 18.51 13.4481 3.99364 -1.31287 6.30972 -0.79038 -0.259257 -0.264136 -0.343735 -12.2392 -5.62841 -5.08443 
0.969677 -0.0146355 0.0985135 0.223174 18.5033 13.4795 3.98983 -2.26416 5.329 -0.0649601 -0.349527 -0.272874 -0.311968 10.658 4.47445 4.61552 
0.96969 -0.014237 0.0981143 0.223319 18.4964 13.5106 3.98619 -2.26416 5.329 -0.0649601 -0.349527 -0.272874 -0.311968 10.658 4.47445 4.61552 
0.969738 -0.0149531 0.0983964 0.222941 18.4892 13.5415 3.98272 -2.26416 5.329 -0.0649601 -0.349527 -0.272874 -0.311968 10.658 4.47445 4.61552 
0.969612 -0.0141251 0.0983285 0.223572 18.4818 13.5721 3.97944 -2.26416 5.329 -0.0649601 -0.349527 -0.272874 -0.311968 10.658 4.47445 4.61552 
0.969634 -0.0145045 0.0984472 0.223397 18.4741 13.6025 3.97634 -2.26416 5.329 -0.0649601 -0.349527 -0.272874 -0.311968 10.658 4.47445 4.61552 
0.969383 -0.0142285 0.0980629 0.224673 18.4663 13.6326 3.97342 -2.26416 5.329 -0.0649601 -0.349527 -0.272874 -0.311968 10.658 4.47445 4.61552 
0.969306 -0.0148478 0.097957 0.225012 18.4581 13.6625 3.97068 -2.26416 5.329 -0.0649601 -0.349527 -0.272874 -0.311968 10.658 4.47445 4.61552 
0.969075 -0.0151995 0.0977467 0.226072 18.4498 13.6922 3.96813 -2.26416 5.329 -0.0649601 -0.349527 -0.272874 -0.311968 10.658 4.47445 4.61552 
0.969221 -0.0162878 0.0976549 0.225407 18.4412 13.7216 3.96576 -2.26416 5.329 -0.0649601 -0.349527 -0.272874 -0.311968 10.658 4.47445 4.61552 
0.969056 -0.0166199 0.0970482 0.226352 18.4323 13.7507 3.96357 -2.26416 5.329 -0.0649601 -0.349527 -0.272874 -0.311968 10.658 4.47445 4.61552 
0.968673 -0.0168535 0.0970138 0.227983 18.4233 13.7796 3.96157 -2.26416 5.329 -0.0649601 -0.349527 -0.272874 -0.311968 10.658 4.47445 4.61552 
0.968499 -0.0171625 0.0970289 0.228693 18.414 13.8083 3.95975 -2.26416 5.329 -0.0649601 -0.349527 -0.272874 -0.311968 10.658 4.47445 4.61552 
0.968021 -0.0173404 0.096527 0.230904 18.4044 13.8367 3.95812 -2.26416 5.329 -0.0649601 -0.349527 -0.272874 -0.311968 10.658 4.47445 4.61552 
0.967825 -0.0174245 0.0965932 0.231689 18.3946 13.8649 3.95668 -2.26416 5.329 -0.0649601 -0.349527 -0.272874 -0.311968 10.658 4.47445 4.61552 
0.967447 -0.0180624 0.0962692 0.23335 18.3846 13.8928 3.95543 -2.26416 5.329 -0.0649601 -0.349527 -0.272874 -0.311968 10.658 4.47445 4.61552 
0.96715 -0.0190234 0.0966715 0.234337 18.3744 13.9205 3.95436 -2.26416 5.329 -0.0649601 -0.349527 -0.272874 -0.311968 10.658 4.47445 4.61552 
0.96686 -0.0191371 0.0970026 0.235385 18.3639 13.9479 3.95347 -2.26416 5.329 -0.0649601 -0.349527 -0.272874 -0.311968 10.658 4.47445 4.61552 
0.966655 -0.0190918 0.0965529 0.236413 18.3532 13.9751 3.95277 -2.26416 5.329 -0.0649601 -0.349527 -0.272874 -0.311968 10.658 4.47445 4.61552 
0.966127 -0.0192446 0.0975427 0.238147 18.3422 14.002 3.95225 -2.26416 5.329 -0.0649601 -0.349527 -0.272874 -0.311968 10.658 4.47445 4.61552 
0.965952 -0.0187076 0.0982046 0.238624 18.331 14.0287 3.95192 -2.26416 5.329 -0.0649601 -0.349527 -0.272874 -0.311968 10.658 4.47445 4.61552 
0.965695 -0.0195915 0.0975427 0.239863 18.3198 14.0553 3.95185 -1.44156 6.2923 1.19269 -0.265033 -0.265683 -0.383474 -12.7707 -5.07502 -5.3445 
0.965408 -0.0198576 0.0973123 0.241085 18.3088 14.0822 3.95208 -1.44156 6.2923 1.19269 -0.265033 -0.265683 -0.383474 -12.7707 -5.07502 -5.3445 
0.96499 -0.0193502 0.0968785 0.242971 18.2981 14.1094 3.95264 -1.44156 6.2923 1.19269 -0.265033 -0.265683 -0.383474 -12.7707 -5.07502 -5.3445 
0.964705 -0.0188989 0.0969816 0.244093 18.2875 14.1367 3.95351 -1.44156 6.2923 1.19269 -0.265033 -0.265683 -0.383474 -12.7707 -5.07502 -5.3445 
0.964721 -0.018346 0.0970233 0.244057 18.2771 14.1644 3.9547 -1.44156 6.2923 1.19269 -0.265033 -0.265683 -0.383474 -12.7707 -5.07502 -5.3445 
0.964469 -0.0182777 0.0964488 0.245281 18.2669 14.1923 3.9562 -1.44156 6.2923 1.19269 -0.265033 -0.265683 -0.383474 -12.7707 -5.07502 -5.3445 
0.964488 -0.0195216 0.095492 0.245486 18.2569 14.2204 3.95801 -1.44156 6.2923 1.19269 -0.265033 -0.265683 -0.383474 -12.7707 -5.07502 -5.3445 
0.964486 -0.0200382 0.0953786 0.245493 18.2471 14.2488 3.96012 -1.44156 6.2923 1.19269 -0.265033 -0.265683 -0.383474 -12.7707 -5.07502 -5.3445 
0.964405 -0.0196308 0.095343 0.245859 18.2375 14.2774 3.96255 -1.44156 6.2923 1.19269 -0.265033 -0.265683 -0.383474 -12.7707 -5.07502 -5.3445 
0.964158 -0.0196695 0.0957412 0.246668 18.2282 14.3062 3.96529 -1.44156 6.2923 1.19269 -0.265033 -0.265683 -0.383474 -12.7707 -5.07502 -5.3445 
0.963821 -0.0192338 0.0953298 0.248175 18.219 14.3353 3.96834 -1.44156 6.2923 1.19269 -0.265033 -0.265683 -0.383474 -12.7707 -5.07502 -5.3445 
0.963777 -0.0193229 0.0951667 0.248402 18.21 14.3646 3.9717 -1.44156 6.2923 1.19269 -0.265033 -0.265683 -0.383474 -12.7707 -5.07502 -5.3445 
0.963538 -0.0200217 0.0954098 0.249181 18.2012 14.3942 3.97536 -1.44156 6.2923 1.19269 -0.265033 -0.265683 -0.383474 -12.7707 -5.07502 -5.3445 
0.963356 -0.0207955 0.0951833 0.249904 18.1927 14.424 3.97933 -1.44156 6.2923 1.19269 -0.265033 -0.265683 -0.383474 -12.7707 -5.07502 -5.3445 
0.963191 -0.021015 0.0952127 0.250509 18.1843 14.454 3.98361 -1.44156 6.2923 1.19269 -0.265033 -0.265683 -0.383474 -12.7707 -5.07502 -5.3445 
0.962813 -0.0215976 0.0955713 0.251773 18.1761 14.4843 3.98822 -1.44156 6.2923 1.19269 -0.265033 -0.265683 -0.383474 -12.7707 -5.07502 -5.3445 
0.962403 -0.0227268 0.0949994 0.253455 18.1682 14.5149 3.99315 -1.44156 6.2923 1.19269 -0.265033 -0.265683 -0.383474 -12.7707 -5.07502 -5.3445 
0.961858 -0.0237954 0.0951679 0.255352 18.1604 14.5457 3.99838 -1.44156 6.2923 1.19269 -0.265033 -0.265683 -0.383474 -12.7707 -5.07502 -5.3445 
0.961757 -0.0241871 0.095567 0.255549 18.1529 14.5767 4.00392 -1.44156 6.2923 1.19269 -0.265033 -0.265683 -0.383474 -12.7707 -5.07502 -5.3445 
0.961601 -0.0239322 0.0951836 0.256302 18.1455 14.608 4.00976 -1.44156 6.2923 1.19269 -0.265033 -0.265683 -0.383474 -12.7707 -5.07502 -5.3445 
0.961389 -0.024118 0.0948788 0.25719 18.138 14.6392 4.0158 -3.40261 4.44881 1.57065 -0.364473 -0.346953 -0.265094 23.2383 5.49756 9.50732 
0.961106 -0.0251037 0.0953069 0.257996 18.13 14.6699 4.02196 -3.40261 4.44881 1.57065 -0.364473 -0.346953 -0.265094 23.2383 5.49756 9.50732 
0.960768 -0.0259196 0.0952333 0.259196 18.1215 14.7002 4.02822 -3.40261 4.44881 1.57065 -0.364473 -0.346953 -0.265094 23.2383 5.49756 9.50732 
0.960566 -0.0261149 0.0944789 0.260201 18.1125 14.73 4.0346 -3.40261 4.44881 1.57065 -0.364473 -0.346953 -0.265094 23.2383 5.49756 9.50732 
0.960556 -0.0262405 0.0939531 0.260414 18.103 14.7593 4.04108 -3.40261 4.44881 1.57065 -0.364473 -0.346953 -0.265094 23.2383 5.49756 9.50732 
0.960331 -0.0265049 0.0944013 0.261057 18.0931 14.7882 4.04768 -3.40261 4.44881 1.57065 -0.364473 -0.346953 -0.265094 23.2383 5.49756 9.50732 
0.959913 -0.0265308 0.0938322 0.26279 18.0826 14.8167 4.05439 -3.40261 4.44881 1.57065 -0.364473 -0.346953 -0.265094 23.2383 5.49756 9.50732 
0.959317 -0.0275849 0.0939563 0.264806 18.0716 14.8447 4.06121 -3.40261 4.44881 1.57065 -0.364473 -0.346953 -0.265094 23.2383 5.49756 9.50732 
0.958968 -0.028134 0.0943279 0.265878 18.0602 14.8722 4.06814 -3.40261 4.44881 1.57065 -0.364473 -0.346953 -0.265094 23.2383 5.49756 9.50732 
0.959082 -0.028596 0.0938433 0.265587 18.0482 14.8992 4.07516 -3.40261 4.44881 1.57065 -0.364473 -0.346953 -0.265094 23.2383 5.49756 9.50732 
0.958911 -0.0268221 0.0943059 0.266225 18.0358 14.9258 4.08229 -3.40261 4.44881 1.57065 -0.364473 -0.346953 -0.265094 23.2383 5.49756 9.50732 
0.958622 -0.0269135 0.0941422 0.267314 18.0228 14.952 4.08952 -3.40261 4.44881 1.57065 -0.364473 -0.346953 -0.265094 23.2383 5.49756 9.50732 
0.958468 -0.0271135 0.093547 0.268055 18.0094 14.9776 4.09684 -3.40261 4.44881 1.57065 -0.364473 -0.346953 -0.265094 23.2383 5.49756 9.50732 
0.958625 -0.027253 0.0928787 0.267709 17.9955 15.0028 4.10425 -3.40261 4.44881 1.57065 -0.364473 -0.346953 -0.265094 23.2383 5.49756 9.50732 
0.958459 -0.0273111 0.0926349 0.268381 17.9811 15.0275 4.11174 -3.40261 4.44881 1.57065 -0.364473 -0.346953 -0.265094 23.2383 5.49756 9.50732 
0.958228 -0.0282044 0.0926005 0.269124 17.9662 15.0517 4.11934 -3.40261 4.44881 1.57065 -0.364473 -0.346953 -0.265094 23.2383 5.49756 9.50732 
0.957993 -0.0276076 0.0925676 0.270034 17.9509 15.0755 4.12702 -3.40261 4.44881 1.57065 -0.364473 -0.346953 -0.265094 23.2383 5.49756 9.50732 
0.957875 -0.0272204 0.0921947 0.270617 17.9351 15.0988 4.13478 -3.40261 4.44881 1.57065 -0.364473 -0.346953 -0.265094 23.2383 5.49756 9.50732 
0.957934 -0.0283746 0.092289 0.27026 17.9187 15.1216 4.14263 -3.40261 4.44881 1.57065 -0.364473 -0.346953 -0.265094 23.2383 5.49756 9.50732 
0.95812 -0.0281369 0.0918806 0.269763 17.9019 15.144 4.15057 -3.40261 4.44881 1.57065 -0.364473 -0.346953 -0.265094 23.2383 5.49756 9.50732 
0.957732 -0.0281739 0.0914837 0.271267 17.8852 15.1664 4.15873 -1.06724 6.66646 2.93384 -0.28609 -0.252492 -0.335216 -31.6043 -6.92361 -12.4964 
0.957568 -0.0277573 0.0912988 0.271952 17.869 15.1893 4.16726 -1.06724 6.66646 2.93384 -0.28609 -0.252492 -0.335216 -31.6043 -6.92361 -12.4964 
0.95771 -0.0266831 0.0902483 0.271909 17.8534 15.2128 4.17613 -1.06724 6.66646 2.93384 -0.28609 -0.252492 -0.335216 -31.6043 -6.92361 -12.4964 
0.957343 -0.0271813 0.0899627 0.273242 17.8385 15.2368 4.18536 -1.06724 6.66646 2.93384 -0.28609 -0.252492 -0.335216 -31.6043 -6.92361 -12.4964 
0.957026 -0.0267811 0.0900658 0.274356 17.8241 15.2614 4.19494 -1.06724 6.66646 2.93384 -0.28609 -0.252492 -0.335216 -31.6043 -6.92361 -12.4964 
0.956808 -0.0273591 0.0903068 0.274979 17.8102 15.2866 4.20486 -1.06724 6.66646 2.93384 -0.28609 -0.252492 -0.335216 -31.6043 -6.92361 -12.4964 
0.956798 -0.0274464 0.0896265 0.275229 17.797 15.3123 4.21512 -1.06724 6.66646 2.93384 -0.28609 -0.252492 -0.335216 -31.6043 -6.92361 -12.4964 
0.956583 -0.0266693 0.0894947 0.276093 17.7844 15.3386 4.22572 -1.06724 6.66646 2.93384 -0.28609 -0.252492 -0.335216 -31.6043 -6.92361 -12.4964 
0.956243 -0.0275409 0.0886783 0.277445 17.7723 15.3654 4.23666 -1.06724 6.66646 2.93384 -0.28609 -0.252492 -0.335216 -31.6043 -6.92361 -12.4964 
0.955977 -0.0273445 0.0886378 0.278394 17.7608 15.3928 4.24792 -1.06724 6.66646 2.93384 -0.28609 -0.252492 -0.335216 -31.6043 -6.92361 -12.4964 
0.955472 -0.0283332 0.0887955 0.279973 17.7499 15.4207 4.25952 -1.06724 6.66646 2.93384 -0.28609 -0.252492 -0.335216 -31.6043 -6.92361 -12.4964 
0.955275 -0.0279343 0.0890879 0.280593 17.7395 15.4492 4.27145 -1.06724 6.66646 2.93384 -0.28609 -0.252492 -0.335216 -31.6043 -6.92361 -12.4964 
0.95504 -0.0287239 0.0896177 0.281142 17.7298 15.4783 4.28371 -1.06724 6.66646 2.93384 -0.28609 -0.252492 -0.335216 -31.6043 -6.92361 -12.4964 
0.955002 -0.0282746 0.0893605 0.2814 17.7206 15.5079 4.29628 -1.06724 6.66646 2.93384 -0.28609 -0.252492 -0.335216 -31.6043 -6.92361 -12.4964 
0.954538 -0.0288642 0.0895679 0.282843 17.712 15.5381 4.30917 -1.06724 6.66646 2.93384 -0.28609 -0.252492 -0.335216 -31.6043 -6.92361 -12.4964 
0.954143 -0.0295259 0.0904654 0.283822 17.704 15.5689 4.32239 -1.06724 6.66646 2.93384 -0.28609 -0.252492 -0.335216 -31.6043 -6.92361 -12.4964 
0.954043 -0.0305106 0.0892761 0.284431 17.6965 15.6002 4.33592 -1.06724 6.66646 2.93384 -0.28609 -0.252492 -0.335216 -31.6043 -6.92361 -12.4964 
0.953922 -0.0310014 0.0896639 0.284661 17.6896 15.6321 4.34975 -1.06724 6.66646 2.93384 -0.28609 -0.252492 -0.335216 -31.6043 -6.92361 -12.4964 
0.953719 -0.0314712 0.0892295 0.285424 17.6833 15.6646 4.36389 -1.06724 6.66646 2.93384 -0.28609 -0.252492 -0.335216 -31.6043 -6.92361 -12.4964 
0.953354 -0.0317315 0.0888057 0.286744 17.6775 15.6977 4.37833 -1.06724 6.66646 2.93384 -0.28609 -0.252492 -0.335216 -31.6043 -6.92361 -12.4964 
0.953241 -0.0309531 0.0884098 0.287328 17.6717 15.7307 4.39291 -3.87615 4.04993 2.6381 -0.234834 -0.384062 -0.233111 34.3511 5.51048 13.5011 
0.953123 -0.0314854 0.0888576 0.287524 17.6652 15.763 4.40744 -3.87615 4.04993 2.6381 -0.234834 -0.384062 -0.233111 34.3511 5.51048 13.5011 
0.952933 -0.0313336 0.087974 0.288438 17.658 15.7947 4.42193 -3.87615 4.04993 2.6381 -0.234834 -0.384062 -0.233111 34.3511 5.51048 13.5011 
0.952639 -0.0327042 0.087733 0.289331 17.65 15.8258 4.43638 -3.87615 4.04993 2.6381 -0.234834 -0.384062 -0.233111 34.3511 5.51048 13.5011 
0.952366 -0.0331669 0.0876194 0.290208 17.6414 15.8562 4.45079 -3.87615 4.04993 2.6381 -0.234834 -0.384062 -0.233111 34.3511 5.51048 13.5011 
0.952319 -0.0332996 0.0877943 0.290295 17.632 15.8859 4.46515 -3.87615 4.04993 2.6381 -0.234834 -0.384062 -0.233111 34.3511 5.51048 13.5011 
0.952083 -0.0338903 0.0873016 0.291149 17.622 15.915 4.47945 -3.87615 4.04993 2.6381 -0.234834 -0.384062 -0.233111 34.3511 5.51048 13.5011 
0.95178 -0.0343371 0.0873578 0.292069 17.6112 15.9434 4.49371 -3.87615 4.04993 2.6381 -0.234834 -0.384062 -0.233111 34.3511 5.51048 13.5011 
0.951716 -0.0344688 0.0863914 0.292547 17.5997 15.9712 4.50792 -3.87615 4.04993 2.6381 -0.234834 -0.384062 -0.233111 34.3511 5.51048 13.5011 
0.951586 -0.0351515 0.085341 0.293197 17.5876 15.9982 4.52208 -3.87615 4.04993 2.6381 -0.234834 -0.384062 -0.233111 34.3511 5.51048 13.5011 
0.951269 -0.0356894 0.0853115 0.29417 17.5747 16.0247 4.53616 -3.87615 4.04993 2.6381 -0.234834 -0.384062 -0.233111 34.3511 5.51048 13.5011 
0.950882 -0.0358936 0.085648 0.295295 17.5611 16.0505 4.55018 -3.87615 4.04993 2.6381 -0.234834 -0.384062 -0.233111 34.3511 5.51048 13.5011 
0.950639 -0.0363058 0.0854389 0.296088 17.5468 16.0756 4.56412 -3.87615 4.04993 2.6381 -0.234834 -0.384062 -0.233111 34.3511 5.51048 13.5011 
0.95061 -0.0359342 0.0855793 0.296185 17.5318 16.1 4.57799 -3.87615 4.04993 2.6381 -0.234834 -0.384062 -0.233111 34.3511 5.51048 13.5011 
0.95036 -0.0364264 0.084837 0.29714 17.5161 16.1238 4.59179 -3.87615 4.04993 2.6381 -0.234834 -0.384062 -0.233111 34.3511 5.51048 13.5011 
0.950004 -0.0368932 0.085773 0.29795 17.4998 16.147 4.6055 -3.87615 4.04993 2.6381 -0.234834 -0.384062 -0.233111 34.3511 5.51048 13.5011 
0.950034 -0.036964 0.0854198 0.297946 17.4827 16.1694 4.61913 -3.87615 4.04993 2.6381 -0.234834 -0.384062 -0.233111 34.3511 5.51048 13.5011 
0.949842 -0.0370839 0.0847769 0.298725 17.465 16.1912 4.63267 -3.87615 4.04993 2.6381 -0.234834 -0.384062 -0.233111 34.3511 5.51048 13.5011 
0.949733 -0.0377359 0.084578 0.299047 17.4465 16.2123 4.64611 -3.87615 4.04993 2.6381 -0.234834 -0.384062 -0.233111 34.3511 5.51048 13.5011 
0.949412 -0.037998 0.0835199 0.300329 17.4274 16.2328 4.65947 -3.87615 4.04993 2.6381 -0.234834 -0.384062 -0.233111 34.3511 5.51048 13.5011 
0.949303 -0.0391587 0.0829142 0.300692 17.4081 16.2531 4.67288 -2.11632 5.71915 3.35496 -0.232767 -0.371908 -0.277283 -24.6598 -3.50202 -9.90186 
0.9491 -0.0399958 0.0823008 0.30139 17.3893 16.2739 4.68649 -2.11632 5.71915 3.35496 -0.232767 -0.371908 -0.277283 -24.6598 -3.50202 -9.90186 
0.948821 -0.0398215 0.0823565 0.302274 17.3709 16.295 4.70029 -2.11632 5.71915 3.35496 -0.232767 -0.371908 -0.277283 -24.6598 -3.50202 -9.90186 
0.948401 -0.040406 0.0823054 0.303525 17.353 16.3166 4.71429 -2.11632 5.71915 3.35496 -0.232767 -0.371908 -0.277283 -24.6598 -3.50202 -9.90186 
0.947996 -0.040963 0.0827242 0.3046 17.3355 16.3386 4.72846 -2.11632 5.71915 3.35496 -0.232767 -0.371908 -0.277283 -24.6598 -3.50202 -9.90186 
0.94783 -0.0420193 0.082644 0.304995 17.3185 16.361 4.74281 -2.11632 5.71915 3.35496 -0.232767 -0.371908 -0.277283 -24.6598 -3.50202 -9.90186 
0.947769 -0.0426367 0.0811769 0.305493 17.3019 16.3838 4.75733 -2.11632 5.71915 3.35496 -0.232767 -0.371908 -0.277283 -24.6598 -3.50202 -9.90186 
0.947368 -0.042932 0.0808624 0.306775 17.2857 16.407 4.77203 -2.11632 5.71915 3.35496 -0.232767 -0.371908 -0.277283 -24.6598 -3.50202 -9.90186 
0.947227 -0.0427811 0.0809353 0.307214 17.27 16.4307 4.7869 -2.11632 5.71915 3.35496 -0.232767 -0.371908 -0.277283 -24.6598 -3.50202 -9.90186 
0.947017 -0.0434088 0.0806039 0.307858 17.2547 16.4548 4.80194 -2.11632 5.71915 3.35496 -0.232767 -0.371908 -0.277283 -24.6598 -3.50202 -9.90186 
0.946574 -0.0438709 0.0798566 0.309348 17.2399 16.4793 4.81715 -2.11632 5.71915 3.35496 -0.232767 -0.371908 -0.277283 -24.6598 -3.50202 -9.90186 
0.946384 -0.043481 0.080282 0.309874 17.2255 16.5043 4.83252 -2.11632 5.71915 3.35496 -0.232767 -0.371908 -0.277283 -24.6598 -3.50202 -9.90186 
0.946048 -0.04449 0.0794605 0.310964 17.2116 16.5296 4.84805 -2.11632 5.71915 3.35496 -0.232767 -0.371908 -0.277283 -24.6598 -3.50202 -9.90186 
0.945912 -0.0431753 0.0786192 0.311778 17.198 16.5554 4.86374 -2.11632 5.71915 3.35496 -0.232767 -0.371908 -0.277283 -24.6598 -3.50202 -9.90186 
0.945778 -0.0438168 0.0778376 0.312291 17.1849 16.5816 4.87958 -2.11632 5.71915 3.35496 -0.232767 -0.371908 -0.277283 -24.6598 -3.50202 -9.90186 
0.945485 -0.0441205 0.0778896 0.313119 17.1723 16.6082 4.89558 -2.11632 5.71915 3.35496 -0.232767 -0.371908 -0.277283 -24.6598 -3.50202 -9.90186 
0.94529 -0.0439053 0.0778827 0.313741 17.1601 16.6353 4.91171 -2.11632 5.71915 3.35496 -0.232767 -0.371908 -0.277283 -24.6598 -3.50202 -9.90186 
0.944669 -0.0435976 0.0777681 0.315676 17.1483 16.6628 4.92799 -2.11632 5.71915 3.35496 -0.232767 -0.371908 -0.277283 -24.6598 -3.50202 -9.90186 
0.944587 -0.0434006 0.0776362 0.31598 17.1369 16.6907 4.94441 -2.11632 5.71915 3.35496 -0.232767 -0.371908 -0.277283 -24.6598 -3.50202 -9.90186 
0.944342 -0.0443363 0.0766488 0.316825 17.126 16.7191 4.96096 -2.11632 5.71915 3.35496 -0.232767 -0.371908 -0.277283 -24.6598 -3.50202 -9.90186 
