0.998533 0.0508639 0.0124053 0.0138417 20.0225 5.63664 5.31696 
0.99803 0.0492172 0.0210527 0.0327059 19.9533 6.25046 5.58301 
0.997207 0.0484041 0.0323761 0.0467668 19.922 6.87823 5.80569 
0.996358 0.0421188 0.040159 0.0623172 19.8584 7.49786 5.94408 
0.995017 0.0387094 0.0530236 0.0750434 19.7889 8.11784 5.99199 
0.993313 0.0337636 0.0615914 0.0916306 19.7357 8.74825 5.95149 
0.991186 0.0325157 0.0681661 0.108838 19.6383 9.36263 5.80888 
0.988945 0.0248399 0.0769608 0.124288 19.5202 9.96945 5.58536 
0.986901 0.017505 0.0806746 0.138609 19.3776 10.5652 5.30168 
0.984483 0.0117474 0.0872939 0.15177 19.2907 11.1947 5.00646 
0.981364 0.00873244 0.0898367 0.169643 19.0983 11.7656 4.68734 
0.978594 0.00136904 0.094784 0.182668 18.9302 12.3518 4.40841 
0.974688 -0.00551699 0.0952575 0.202185 18.7625 12.9404 4.19013 
0.97093 -0.0150458 0.0979015 0.217907 18.5912 13.5293 4.05305 
0.967496 -0.0180458 0.0963516 0.233114 18.3914 14.1 4.00574 
0.963307 -0.0249266 0.0955863 0.249564 18.1783 14.6623 4.05647 
0.960076 -0.0302248 0.0932223 0.262011 17.9015 15.1727 4.18873 
0.955497 -0.0354968 0.0903988 0.278558 17.6873 15.7364 4.41781 
0.951507 -0.0444522 0.0857016 0.292086 17.4172 16.2519 4.69394 
0.945848 -0.0487668 0.0784958 0.311177 17.1077 16.7287 4.99195 
